15 149900
15 60700
14 69100
14 54900
14 52300
15 64700
15 32300
14 63800
14 56300
14 51800
15 30200
15 73100
14 68300
14 71000
14 34400
15 39900
15 29700
14 38800
14 34600
14 51400
15 47400
15 75400
14 35000
14 26300
14 35500
15 25700
15 54700
14 44700
14 65800
14 63400
15 44400
15 49200
14 26000
14 43000
14 64600
15 28300
15 24300
14 43600
14 26000
14 47700
15 46400
15 67100
14 24500
14 36900
14 48200
15 45200
15 34600
14 35900
14 30700
14 21400
15 37500
15 38600
14 21600
14 20800
14 41000
15 48500
15 23700
14 49200
14 52500
14 29000
15 24100
15 19700
14 21500
14 30600
14 18700
15 16800
15 16100
14 15600
14 19000
14 16200
15 15400
15 16600
14 17000
14 30500
14 29700
14 22300
14 22800
14 21400
14 16700
15 16500
15 16000
14 18600
14 28600
14 16200
15 14800
15 16600
14 15300
14 14800
14 15600
15 14800
15 27400
14 23000
14 40700
14 22000
15 18800
15 26000
14 15300
14 14700
14 16700
15 14600
15 14000
14 14200
14 39700
14 16800
15 22600
15 15100
14 14000
14 14500
14 14700
15 31100
15 22100
14 23200
14 14800
14 13600
14 27100
14 27700
14 15000
14 14300
15 13900
15 15900
14 13700
14 13800
14 14800
15 15500
15 31500
14 46100
14 41300
14 40700
15 46500
15 15600
14 15000
14 13500
14 15800
15 13600
15 13300
14 14100
14 14400
14 13200
15 13000
15 13800
14 15200
14 12900
14 13000
15 13400
15 14400
14 13000
14 13300
14 12500
15 12500
15 14600
14 12800
14 12800
14 13200
14 15300
14 12700
14 13200
14 13800
15 15800
15 20100
14 20400
14 17100
14 39500
15 15100
15 14600
14 25400
14 40300
14 35600
15 30900
15 17800
14 20700
14 15400
14 14800
15 13000
15 12600
14 15200
14 12600
14 12600
15 12200
15 13800
14 13000
14 12400
14 13200
15 12400
15 14000
14 13300
14 23800
14 13600
15 90400
15 31800
14 31600
14 18900
14 16300
14 13800
14 15700
14 12800
14 14400
15 12400
15 12200
14 12700
14 28800
14 12600
15 23400
15 19400
14 12800
14 12800
14 22400
15 22500
15 15600
14 33300
14 24000
14 30800
15 36500
15 34500
14 20900
14 19400
14 25900
15 24200
15 18900
14 35600
14 20500
14 21700
15 24000
15 21600
14 18500
14 19500
14 22700
15 21500
15 12200
14 14700
14 27900
14 23600
14 21000
14 11600
14 13800
14 12000
15 11000
15 10700
14 12600
14 21000
14 19800
15 12300
15 18300
14 27100
14 24300
14 12400
15 10500
15 12000
14 15900
14 10100
14 15000
15 12000
15 11200
14 10600
14 23400
14 47200
15 11900
15 11700
14 20100
14 10400
14 10400
15 16000
15 10200
14 9600
14 11400
14 9400
15 9500
15 15900
14 15800
14 10000
14 15900
14 11600
14 13200
14 10100
14 9800
15 23100
15 11700
14 14600
14 12100
14 18500
15 13000
15 13300
14 9900
14 9500
14 16800
15 13700
15 10000
14 10500
14 9600
14 10900
15 9000
15 10200
14 9300
14 9500
14 9500
15 8900
15 9000
14 8800
14 10300
14 8800
15 8900
15 9200
14 18400
14 15200
14 12400
15 9200
15 10900
14 9500
14 9100
14 8600
14 10800
14 9300
14 17200
14 9000
15 24100
15 14600
14 14300
14 19700
14 16800
15 29500
15 51900
14 18600
14 17600
14 22800
15 17300
15 18500
14 17200
14 19400
14 17200
15 18200
15 16300
14 20700
14 17100
14 17300
15 17200
15 19500
14 18500
14 17200
14 16600
15 16300
15 19400
14 21700
14 18400
14 39500
15 18600
15 16400
14 18400
14 16400
14 18800
14 17900
14 11300
14 12900
14 15000
15 12400
15 18700
14 16900
14 12900
14 14400
15 11300
15 30400
14 11200
14 14000
14 14400
15 18600
15 13800
14 29400
14 8300
14 12900
15 9400
15 9400
14 8200
14 6800
14 12500
15 8800
15 9700
14 6900
14 7800
14 55600
15 17800
15 15600
14 11900
14 18800
14 14700
15 18400
15 17100
14 13400
14 14200
14 11300
14 11200
14 10300
14 15600
14 11200
15 14400
15 11500
14 11900
14 10900
14 10800
15 13000
15 11200
14 13000
14 9600
14 10200
15 12700
15 14500
14 11300
14 10800
14 10600
15 13300
15 10900
14 11700
14 16400
14 13000
15 13900
15 11700
14 15500
14 18500
14 19300
15 16400
15 14400
14 11900
14 13900
14 11600
15 13400
15 16800
14 14600
14 13500
14 10700
14 10500
14 12600
14 10500
14 10200
15 11000
15 10800
14 12500
14 10300
14 11400
15 10400
15 14200
14 9900
14 10300
14 10200
15 14400
15 14800
14 10800
14 10900
14 19000
15 11200
15 11900
14 10400
14 14300
14 16700
15 11200
15 11900
14 11300
14 14200
14 13300
15 11300
15 11300
14 13400
14 11400
14 13000
15 21300
15 14300
14 12000
14 11800
14 11600
14 11800
14 11200
14 11600
14 11300
15 26400
15 15200
14 11400
14 11100
14 11200
15 13900
15 10900
14 11800
14 11100
14 19000
15 15000
15 12400
14 12200
14 13300
14 8700
15 8200
15 8200
14 10600
14 13800
14 8500
15 8000
15 7400
14 11100
14 10500
14 12000
15 10600
15 12500
14 10600
14 11200
14 12000
15 22200
15 41800
14 10000
14 10900
14 11200
14 14400
14 9500
14 9400
14 25100
15 15200
15 14000
14 55200
14 14100
14 13900
15 11600
15 9500
14 8700
14 9100
14 20900
15 10600
15 10700
14 10200
14 12900
14 13300
15 11000
15 22300
14 12400
14 9000
14 9000
15 8900
15 10500
14 8600
14 9000
14 8200
15 8600
15 10300
14 8500
14 8800
14 8500
15 10500
15 8300
14 9000
14 8600
14 12300
14 8900
14 13000
14 8200
14 11000
15 8400
15 8300
14 8300
14 9100
14 8300
15 8200
15 9100
14 7900
14 9600
14 7900
15 9400
15 14600
14 12800
14 8400
14 12200
15 11500
15 12800
14 50100
14 9500
14 8900
15 13500
15 13900
14 10500
14 10300
14 10200
15 14600
15 10500
14 9100
14 9400
14 38400
15 15000
15 18500
14 9800
14 11400
14 8700
14 9900
14 8900
14 9100
14 9400
15 9100
15 9000
14 9100
14 14000
14 9600
15 9100
15 9300
14 11000
14 8000
14 9400
15 8900
15 11500
14 9600
14 9300
14 8900
15 8700
15 11700
14 9000
14 8800
14 8900
15 13600
15 9700
14 9100
14 9200
14 11500
15 9600
15 9100
14 8800
14 9100
14 9400
15 11200
15 9400
14 9000
14 14200
14 8700
14 9500
14 10100
14 11900
14 12000
15 12100
15 7200
14 20600
14 9100
14 7300
15 7500
15 12100
14 14000
14 11600
14 14400
15 11200
15 12900
14 14400
14 25100
14 15500
15 14500
15 12200
14 13100
14 11200
14 14000
15 13400
15 9600
14 10500
14 11200
14 11800
15 8300
15 7300
14 12500
14 9000
14 5900
15 6300
15 11500
14 13500
14 13300
14 8300
15 13500
15 8900
14 6400
14 5800
14 13900
15 9400
15 8400
14 8100
14 8300
14 8700
15 13900
15 8600
14 12200
14 12400
14 10500
15 6100
15 6000
14 5400
14 8500
14 5700
15 8000
15 10800
14 12900
14 17000
14 9500
15 26400
15 9600
14 12800
14 9200
14 8000
15 9400
15 10000
14 7600
14 7900
14 7100
15 10200
15 8900
14 8100
14 9800
14 10600
14 10900
14 9900
14 13700
14 9300
15 10900
15 8700
14 9200
14 8100
14 10300
15 8600
15 8400
14 8100
14 7700
14 11800
15 7600
15 8200
14 8200
14 9800
14 11100
15 9400
15 8000
14 11000
14 9100
14 8300
15 8400
15 8100
14 8100
14 11100
14 9400
15 8200
15 10300
14 7700
14 7300
14 7600
15 11400
15 7500
14 11000
14 9600
14 10600
14 8400
14 8600
14 7900
14 9500
15 11800
15 7700
14 8100
14 7300
14 11900
15 8800
15 8100
14 11400
14 10600
14 8400
15 86500
15 8500
14 14600
14 9800
14 8500
15 7800
15 8400
14 9300
14 11500
14 25100
15 10700
15 54500
14 9200
14 45800
14 8900
15 5900
15 5200
14 9700
14 4800
14 5600
15 4600
15 4400
14 4600
14 5300
14 4500
14 5000
14 6000
14 4800
14 4600
15 4400
15 6300
14 4600
14 4200
14 4400
15 6000
15 4600
14 4500
14 4600
14 4200
15 5900
15 4400
14 4300
14 4600
14 5900
15 4600
15 4400
14 5300
14 11200
14 6900
15 6200
15 6000
14 12900
14 12300
14 8100
15 7100
15 7800
14 11000
14 10200
14 7500
15 5300
15 7300
14 4900
14 6800
14 8800
14 5800
14 5000
14 4600
14 4700
15 4600
15 5800
14 11700
14 8300
14 7000
15 13200
15 4900
14 6600
14 8700
14 7300
15 5900
15 4400
14 4300
14 6000
14 4200
15 4900
15 8700
14 7300
14 6200
14 4700
15 4600
15 4200
14 6000
14 5600
14 8600
15 5600
15 6600
14 5900
14 5200
14 4900
15 6000
15 4300
14 9500
14 6900
14 5800
14 5500
14 4600
14 4400
14 5000
15 6000
15 4200
14 6600
14 8100
14 7400
15 4900
15 4500
14 5200
14 5900
14 4400
15 5000
15 8700
14 5700
14 9100
14 4400
15 4100
15 4300
14 5800
14 4200
14 9000
15 9000
15 7400
14 4800
14 4500
14 4400
15 4500
15 11700
14 8100
14 4900
14 6100
15 6200
15 4600
14 8300
14 7800
14 13600
14 11200
14 4700
14 7600
14 8500
15 5400
15 4700
14 4400
14 7500
14 7400
15 5400
15 8700
14 5300
14 6400
14 4500
15 4200
15 4000
14 7400
14 4300
14 6000
15 8800
15 5000
14 9500
14 15800
14 4400
15 3800
15 6100
14 8200
14 5400
14 4500
15 6500
15 4400
14 3800
14 4000
14 3700
15 9600
15 8000
14 5500
14 4500
14 7400
14 4000
14 4100
14 3900
14 6900
15 7900
15 8900
14 5300
14 4000
14 3900
15 38300
15 8600
14 6300
14 4500
14 4100
15 3900
15 3800
14 5400
14 8700
14 7200
15 5400
15 7100
14 4300
14 4100
14 4200
15 4000
15 4100
14 71700
14 9500
14 8900
15 10600
15 7900
14 10200
14 17400
14 10800
15 9000
15 10100
14 9400
14 12200
14 11700
14 10500
14 10400
14 8000
14 9100
15 9000
15 10200
14 8700
14 11200
14 7500
15 8100
15 10800
14 9100
14 4800
14 4400
15 4400
15 5600
14 4100
14 3900
14 5700
15 9600
15 14000
14 42900
14 5000
14 4500
15 6100
15 3500
14 3100
14 4600
14 10200
15 21200
15 6400
14 7100
14 4900
14 5600
15 7200
15 7000
14 6300
14 7400
14 5300
14 7000
14 8300
14 10200
14 7300
15 9200
15 7100
14 9600
14 7100
14 6400
15 14600
15 7000
14 6400
14 6200
14 3400
15 3300
15 4700
14 3000
14 3000
14 3100
15 4600
15 3500
14 3100
14 4100
14 3100
15 3100
15 3300
14 3100
14 3000
14 4500
15 2900
15 3200
14 2900
14 4900
14 2900
15 3000
15 2900
14 3000
14 2900
14 3000
14 3100
14 3000
14 4400
14 3200
15 3000
15 3000
14 4300
14 3000
14 3000
15 3200
15 4500
14 3100
14 3200
14 3000
15 3000
15 4600
14 3200
14 3000
14 2900
15 6500
15 3100
14 3100
14 3000
14 4400
15 4200
15 3000
14 4200
14 3200
14 5800
15 3900
15 3700
14 4300
14 20700
14 3500
15 3200
15 2900
14 4400
14 3100
14 45900
14 4500
14 5000
14 3400
14 3100
15 2900
15 2900
14 4300
14 2900
14 2900
15 2800
15 4200
14 2900
14 2900
14 2900
15 4800
15 5300
14 6100
14 3700
14 3900
15 4700
15 2900
14 2600
14 2800
14 4400
15 3000
15 2900
14 2800
14 4100
14 2800
15 2900
15 2800
14 2700
14 4200
14 3900
15 2900
15 2700
14 4400
14 4000
14 2800
14 2800
14 4300
14 2800
14 2700
15 2900
15 45700
14 3300
14 3000
14 3100
15 2900
15 2900
14 3600
14 3000
14 2900
15 3900
15 3500
14 3000
14 2900
14 3000
15 2900
15 3500
14 5300
14 5100
14 4000
15 50800
15 5300
14 5800
14 5200
14 3400
15 3000
15 4400
14 3200
14 3300
14 2800
15 3100
15 4500
14 3000
14 2800
14 2700
14 4300
14 2800
14 3100
14 2600
15 4300
15 2700
14 3100
14 3100
14 2900
15 3400
15 2900
14 3700
14 2900
14 6500
15 2900
15 3200
14 2800
14 4300
14 2900
15 3000
15 3900
14 3000
14 2900
14 3700
15 3800
15 3000
14 5100
14 3000
14 3500
15 3000
15 4600
14 4500
14 3000
14 3000
15 4800
15 2900
14 3700
14 3000
14 3300
14 4700
14 3000
14 2900
14 2900
15 17800
15 7400
14 3000
14 2600
14 4200
15 2600
15 2800
14 77400
14 4300
14 3300
15 2700
15 3000
14 2900
14 4500
14 8200
15 5600
15 3400
14 4800
14 2900
14 2600
15 2900
15 2700
14 2800
14 2700
14 2800
15 2800
15 4300
14 2900
14 3600
14 2700
15 4400
15 2800
14 2700
14 2800
14 5400
14 5600
14 5600
14 3200
14 6300
15 6400
15 3000
14 2700
14 7100
14 10000
15 7000
15 5500
14 7900
14 9400
14 5800
15 5100
15 5500
14 3400
14 3200
14 3100
15 8900
15 9900
14 9300
14 6800
14 5600
15 6800
15 7700
14 5200
14 5200
14 5800
15 26200
15 50600
14 7200
14 11400
14 7100
15 8400
15 5600
14 119300
14 12600
14 13000
15 9500
15 8100
14 6600
14 9600
14 6100
15 5500
15 5200
14 5700
14 5100
14 5400
15 5100
15 4900
14 7300
14 5400
14 5300
15 4900
15 8500
14 5300
14 4500
14 3900
15 3700
15 5600
14 5300
14 5300
14 5500
15 6700
15 7300
14 5600
14 5300
14 6700
15 4700
15 5700
14 5100
14 9200
14 7600
15 4900
15 5300
14 5300
14 7300
14 4800
14 5800
14 47500
14 7600
14 4800
15 5500
15 5400
14 8400
14 5200
14 9500
15 10000
15 7700
14 5800
14 5200
14 5100
15 5400
15 7300
14 5100
14 5200
14 4800
15 14500
15 5300
14 6900
14 5200
14 8100
15 8200
15 5100
14 5400
14 7000
14 5100
15 5200
15 5200
14 7500
14 5400
14 6900
15 5100
15 5400
14 5300
14 5300
14 5200
14 8800
14 7500
14 4700
14 5300
15 4600
15 7000
14 4200
14 5900
14 8800
15 9100
15 7200
14 8800
14 5100
14 4000
15 11400
15 8400
14 6700
14 5200
14 10200
15 5100
15 3400
14 2800
14 6200
14 2700
15 2800
15 3500
14 3700
14 4300
14 2700
15 2600
15 9200
14 8100
14 5000
14 4500
15 3700
15 4700
14 2800
14 2900
14 2900
14 2700
14 2900
14 2700
14 5500
15 7900
15 9300
14 11000
14 5300
14 55000
15 9500
15 5800
14 8400
14 8000
14 8100
15 5300
15 4900
14 4300
14 4000
14 10300
15 6300
15 6300
14 5400
14 8200
14 6600
15 4800
15 4600
14 6900
14 5100
14 5300
15 5100
15 7700
14 7200
14 7500
14 7500
15 7400
15 9800
14 7400
14 6900
14 8800
14 9600
14 10400
14 7300
14 7200
15 7000
15 7300
14 7400
14 6700
14 6900
15 9800
15 7000
14 7100
14 7200
14 10100
15 7400
15 33500
14 8600
14 10800
14 7200
15 7300
15 5400
14 4200
14 6100
14 4300
15 4300
15 4200
14 6100
14 4100
14 5200
15 3500
15 5400
14 3000
14 2700
14 88900
15 7700
15 5100
14 3000
14 6500
14 5500
14 13100
14 5900
14 6800
14 6200
15 13800
15 6600
14 5700
14 9000
14 10900
15 3500
15 3000
14 2700
14 3500
14 4200
15 2800
15 2600
14 3400
14 4300
14 2700
15 2600
15 2600
14 3900
14 2700
14 3700
15 2800
15 2700
14 2600
14 2700
14 2600
15 3300
15 4200
14 2700
14 2900
14 101200
15 6000
15 2800
14 2800
14 2700
14 4100
14 2700
14 3800
14 3900
14 5300
15 2700
15 3100
14 2500
14 2800
14 3400
15 2700
15 2600
14 3200
14 9900
14 3600
15 7500
15 4900
14 9100
14 5600
14 4700
15 4500
15 61900
14 6900
14 8000
14 7400
15 7300
15 9200
14 6900
14 6800
14 6800
15 9500
15 6800
14 7100
14 7000
14 8800
15 6900
15 7500
14 6700
14 6800
14 12000
14 6800
14 7000
14 7100
14 12000
15 7700
15 13800
14 7300
14 11300
14 7100
15 8400
15 6800
14 5000
14 4400
14 4200
15 4400
15 4000
14 6000
14 4400
14 4500
15 7400
15 8900
14 5500
14 4900
14 4800
15 6800
15 6400
14 6800
14 4900
14 5100
15 16000
15 7400
14 5300
14 6700
14 8700
15 5000
15 5300
14 4700
14 6800
14 5100
14 4900
14 5500
14 5300
14 6100
15 6700
15 6200
14 43200
14 8100
14 5700
15 5000
15 4800
14 8900
14 5000
14 5300
15 8100
15 6100
14 8600
14 8500
14 5300
15 6200
15 7700
14 4500
14 6100
14 5700
15 7300
15 4900
14 5300
14 4500
14 6900
15 4700
15 4600
14 4900
14 4800
14 7200
15 6000
15 4800
14 4300
14 9500
14 4500
14 4300
14 5000
14 8000
14 4900
15 5100
15 5100
14 4600
14 9200
14 6300
15 7100
15 5600
14 10900
14 5000
14 4600
15 4500
15 8500
14 6900
14 6000
14 4900
15 7400
15 6800
14 18200
14 4700
14 4200
15 7300
15 6300
14 5900
14 6700
14 9700
15 6800
15 6500
14 6600
14 94300
14 6200
15 5000
15 5400
14 5400
14 7700
14 4900
14 4800
14 4900
14 8900
14 5200
15 5000
15 4500
14 6700
14 4500
14 4600
15 4600
15 4800
14 4700
14 4800
14 4600
15 4500
15 6700
14 4800
14 4500
14 4700
15 6900
15 5800
14 4700
14 4600
14 4500
15 4800
15 4700
14 4700
14 54300
14 6600
15 8200
15 6100
14 6600
14 6800
14 5800
15 4700
15 6100
14 7100
14 4400
14 4700
14 4300
14 6600
14 4600
14 4300
15 4000
15 4300
14 12600
14 4200
14 4400
15 4600
15 6300
14 6500
14 4400
14 4500
15 6400
15 4400
14 4200
14 4600
14 42100
15 7700
15 4800
14 6300
14 6000
14 7000
15 4500
15 34900
14 4900
14 6600
14 4200
15 4000
15 4200
14 4100
14 6500
14 4200
15 4300
15 4200
14 7900
14 4900
14 8300
14 7600
14 8600
14 4600
14 3900
15 7600
15 4800
14 4500
14 4300
14 4500
15 6300
15 4500
14 4100
14 5500
14 7500
15 4400
15 4300
14 4300
14 7300
14 4400
15 4300
15 4100
14 5500
14 15300
14 5500
15 4900
15 6100
14 10200
14 4500
14 4500
15 4400
15 6600
14 4900
14 5900
14 4800
15 4500
15 5600
14 7700
14 4600
14 4800
14 6600
14 4500
14 4400
14 4600
15 6000
15 46200
14 4800
14 5600
14 8800
15 4600
15 4500
14 4500
14 4500
14 6600
15 4700
15 4200
14 4600
14 7900
14 4700
15 4500
15 4500
14 8400
14 4700
14 4500
15 4400
15 4400
14 7800
14 4600
14 4600
15 4400
15 7000
14 4200
14 4200
14 4800
15 6400
15 4500
14 4400
14 4400
14 4400
14 4400
14 4500
14 4300
14 4500
15 7500
15 5600
14 5300
14 4500
14 6700
15 4500
15 4700
14 4300
14 6100
14 4600
15 4400
15 4300
14 4300
14 6200
14 4700
15 4400
15 4400
14 6400
14 4600
14 4300
15 4300
15 6100
14 4600
14 6000
14 4500
15 4600
15 60200
14 9000
14 4400
14 3900
15 6900
15 3800
14 3800
14 3900
14 8400
14 3700
14 5200
14 4100
14 4200
15 7900
15 6700
14 6200
14 8400
14 5900
15 5200
15 5700
14 5200
14 5400
14 4000
15 4100
15 5900
14 6900
14 5300
14 4700
15 4000
15 6200
14 4100
14 73800
14 5000
15 7900
15 5000
14 4000
14 5200
14 6800
15 5000
15 5800
14 6000
14 7200
14 7300
15 3900
15 4200
14 5100
14 7400
14 5100
15 4800
15 3800
14 7100
14 5500
14 4900
15 4700
15 4900
14 7000
14 4800
14 5300
15 5800
15 9500
14 4700
14 5000
14 5000
15 8100
15 53900
14 6200
14 5700
14 4500
15 5200
15 4900
14 4900
14 5300
14 7300
15 4900
15 4700
14 5000
14 9500
14 4700
15 4700
15 6500
14 9000
14 5100
14 4600
15 5700
15 5100
14 7100
14 5200
14 5100
14 5300
14 7700
14 4500
14 4500
15 3900
15 7800
14 4200
14 4200
14 3900
15 3900
15 7800
14 5000
14 3800
14 4900
15 7800
15 6100
14 6900
14 6100
14 8100
15 5900
15 9900
14 5700
14 7000
14 5500
15 3800
15 4600
14 4900
14 7100
14 5400
15 4900
15 5300
14 6600
14 5000
14 6000
15 5100
15 4800
14 6300
14 5100
14 5000
14 4600
14 6900
14 89300
14 6800
15 5000
15 7800
14 7200
14 6100
14 4900
15 8600
15 4400
14 4200
14 7600
14 7200
15 7000
15 4200
14 4200
14 3800
14 10700
15 6300
15 4600
14 4200
14 50200
14 5500
15 5300
15 8200
14 5400
14 5700
14 4000
15 3500
15 4200
14 5900
14 3500
14 4300
15 3500
15 5500
14 5600
14 5200
14 4400
14 6900
14 4000
14 6900
14 5500
15 5700
15 7200
14 4300
14 5200
14 4800
15 7300
15 4900
14 4600
14 4800
14 6500
15 5100
15 4500
14 4900
14 5300
14 8200
15 4800
15 4600
14 4100
14 7200
14 5000
15 5300
15 5100
14 7000
14 41500
14 5300
15 5200
15 5000
14 4900
14 4400
14 4500
15 4100
15 6600
14 4500
14 5000
14 5300
14 6400
14 4600
14 4900
14 5300
15 6800
15 4300
14 4800
14 4800
14 4400
15 6900
15 5300
14 3900
14 4600
14 6300
15 4100
15 55600
14 4600
14 7400
14 5000
15 5200
15 5200
14 9200
14 4900
14 5200
15 5000
15 5100
14 7900
14 4700
14 5000
15 4900
15 19200
14 5300
14 4600
14 6300
15 7000
15 6400
14 6500
14 4300
14 4500
14 4400
14 4400
14 5000
14 5100
15 9000
15 5000
14 4700
14 5000
14 7100
15 4800
15 4800
14 5500
14 5000
14 6100
15 61200
15 5600
14 5000
14 6500
14 4800
15 4800
15 4500
14 6800
14 5400
14 5000
15 5400
15 7000
14 4800
14 5000
14 4600
15 5400
15 6800
14 4200
14 5300
14 5100
15 7100
15 4900
14 4400
14 6600
14 8900
14 4800
14 4700
14 4600
14 4300
15 4800
15 4500
14 5100
14 5100
14 6700
15 4700
15 4600
14 4400
14 10000
14 5300
15 5100
15 4900
14 4600
14 5200
14 4400
15 4500
15 4900
14 7400
14 5000
14 4900
15 4400
15 6900
14 4400
14 4600
14 4700
15 6700
15 5300
14 6700
14 5200
14 4100
15 6200
15 4200
14 4900
14 6800
14 7200
14 68900
14 5800
14 5000
14 6700
15 4300
15 4700
14 5400
14 5100
14 6200
15 4700
15 4300
14 14600
14 6800
14 5100
15 5100
15 4800
14 9400
14 5200
14 4600
15 5200
15 6600
14 6300
14 4900
14 5600
15 4900
15 7200
14 5100
14 5300
14 4300
15 8400
15 5500
14 4800
14 5300
14 8400
15 5000
15 5100
14 4900
14 5800
14 7100
14 4100
14 4800
14 5400
14 6600
15 5500
15 4900
14 5300
14 7000
14 5300
15 8100
15 5100
14 5000
14 5200
14 5000
15 4800
15 5000
14 6900
14 5200
14 4500
15 4200
15 8100
14 4600
14 4200
14 4900
15 5000
15 5300
14 80000
14 6700
14 7700
15 10100
15 5500
14 4800
14 4000
14 8800
15 6600
15 5900
14 5700
14 8100
14 4600
14 3800
14 6800
14 5000
14 7100
15 4900
15 4700
14 4100
14 6700
14 4500
15 4700
15 4900
14 5500
14 64800
14 5700
15 5200
15 6000
14 5500
14 6300
14 4600
15 5400
15 8700
14 7800
14 6500
14 5600
15 4900
15 2800
14 6200
14 4700
14 7200
15 4000
15 5700
14 5400
14 6500
14 3100
15 8400
15 4700
14 4100
14 8600
14 4200
14 7300
14 11100
14 12500
14 8600
15 3500
15 3500
14 10800
14 11100
14 4300
15 3300
15 6700
14 9400
14 77700
14 3800
15 3800
15 8800
14 6300
14 3900
14 3600
15 5600
15 3800
14 3700
14 4000
14 4000
15 4000
15 3800
14 3800
14 3800
14 8000
15 4100
15 3900
14 4600
14 8200
14 4500
15 3900
15 3400
14 3500
14 5100
14 3900
14 3900
14 4300
14 5800
14 4000
15 3900
15 3800
14 6000
14 4800
14 5300
15 3900
15 33200
14 13400
14 3800
14 3800
15 4300
15 5600
14 3700
14 3600
14 3400
15 5300
15 3400
14 3600
14 3700
14 5500
15 3700
15 3500
14 3600
14 3700
14 3600
15 4400
15 3600
14 3600
14 5300
14 3400
15 3600
15 3700
14 5500
14 3700
14 63300
14 6100
14 6100
14 3100
14 3000
15 2900
15 2900
14 4900
14 3200
14 4100
15 3100
15 8700
14 3900
14 3400
14 3000
15 5600
15 4900
14 4200
14 3400
14 3600
15 7400
15 4400
14 3200
14 3300
14 9900
15 4600
15 3600
14 3400
14 3600
14 3700
15 3400
15 3400
14 6300
14 4800
14 3700
15 3500
15 5700
14 3600
14 3500
14 3600
14 5400
14 3500
14 4800
14 3600
15 3500
15 6000
14 3400
14 3400
14 4000
15 5300
15 3500
14 3500
14 4400
14 6500
15 7700
15 7000
14 5300
14 5300
14 7600
15 4300
15 3300
14 3300
14 5200
14 3600
15 36400
15 3900
14 7900
14 3700
14 3600
15 3300
15 3700
14 3600
14 3200
14 3600
15 3600
15 6300
14 3700
14 3600
14 3500
14 8700
14 3500
14 3500
14 3300
15 3300
15 7900
14 44300
14 2700
14 6700
15 2300
15 2100
14 3700
14 3600
14 5200
15 2000
15 2900
14 2900
14 3500
14 3200
15 2200
15 1900
14 3600
14 2000
14 2000
15 1900
15 2000
14 17100
14 2200
14 1900
15 1800
15 3400
14 2000
14 1900
14 1800
15 3200
15 2000
14 1900
14 3100
14 2300
14 2000
14 2300
14 1900
14 1900
15 3400
15 2000
14 1800
14 1800
14 3300
15 1800
15 45200
14 3000
14 2100
14 1900
15 1900
15 1800
14 1800
14 3200
14 1900
15 2000
15 1900
14 5000
14 2000
14 1900
15 1900
15 3300
14 2000
14 2600
14 1900
15 1900
15 3300
14 1900
14 1800
14 1900
15 3200
15 1900
14 1900
14 1900
14 3200
15 2000
15 1900
14 1900
14 1900
14 4600
15 1900
15 1900
14 1700
14 3200
14 2600
15 1900
15 1700
14 4100
14 1900
14 2000
15 1800
15 1900
14 1800
14 1800
14 2300
15 1900
15 3200
14 2500
14 4900
14 2400
15 3400
15 2000
14 1900
14 1900
14 3200
15 1900
15 1900
14 1900
14 1800
14 3400
15 1900
15 23700
14 2100
14 3300
14 1900
14 1900
14 2400
14 3300
14 1900
15 1900
15 1900
14 1800
14 3200
14 1700
15 1800
15 1800
14 3200
14 1900
14 1900
15 1900
15 3200
14 1900
14 1900
14 1900
15 1900
15 62700
14 6900
14 4500
14 3700
15 5600
15 3500
14 5200
14 3300
14 6500
15 3400
15 2900
14 3400
14 5200
14 3100
15 3300
15 3600
14 5400
14 6900
14 4700
14 4500
14 5000
14 7600
14 2100
15 2000
15 1900
14 4600
14 1900
14 1900
15 1900
15 1800
14 3400
14 3300
14 2000
15 1800
15 3300
14 1800
14 1900
14 1800
15 7700
15 4300
14 25300
14 2200
14 1900
15 2000
15 1900
14 2000
14 1800
14 3200
15 1900
15 1900
14 1800
14 3200
14 2000
15 1800
15 30000
14 3600
14 2000
14 1800
14 1800
14 3300
14 1900
14 1900
15 1900
15 1800
14 3300
14 1900
14 1900
15 1800
15 3100
14 5400
14 6300
14 3300
15 3800
15 2000
14 1800
14 1800
14 1800
15 3200
15 1800
14 1800
14 1800
14 3100
15 1900
15 2100
14 1800
14 5100
14 1900
15 1900
15 1800
14 1800
14 1900
14 1900
15 1800
15 1900
14 3500
14 1900
14 3300
14 1900
14 3100
14 1900
14 1800
15 1800
15 1800
14 1900
14 1800
14 22700
15 2100
15 3400
14 2100
14 1800
14 1900
15 3400
15 1800
14 1800
14 1800
14 3300
15 1800
15 1800
14 1800
14 1800
14 3200
15 1800
15 1800
14 1700
14 3100
14 1900
15 1900
15 1900
14 3200
14 1800
14 2900
15 1900
15 2700
14 1900
14 2400
14 2800
14 2000
14 3500
14 1700
14 1700
15 1800
15 3200
14 1900
14 1900
14 1700
15 1700
15 34200
14 13900
14 5900
14 5300
15 3500
15 1900
14 1800
14 1900
14 4900
15 1900
15 1900
14 1800
14 4800
14 10200
15 6800
15 2600
14 1900
14 5900
14 2000
15 1900
15 3100
14 3300
14 1800
14 30000
15 4400
15 22500
14 3700
14 3200
14 3200
14 3200
14 3000
14 3300
14 3100
15 3300
15 6300
14 3200
14 3300
14 3100
15 6900
15 3300
14 3200
14 3200
14 4800
15 3300
15 3200
14 3100
14 4800
14 4900
15 3100
15 3900
14 4200
14 5100
14 3000
15 4300
15 3300
14 5100
14 3300
14 3200
15 3400
15 3300
14 5500
14 3200
14 4300
15 3500
15 5000
14 4900
14 4000
14 3200
14 5300
14 3300
14 3300
14 3100
15 4200
15 7900
14 3700
14 2200
14 1900
15 3900
15 2400
14 1900
14 1900
14 3100
15 1900
15 1900
14 1800
14 5100
14 1900
15 1800
15 25300
14 2100
14 3500
14 1800
15 1800
15 1900
14 5000
14 2000
14 29000
15 2000
15 3200
14 2000
14 1700
14 1800
15 3200
15 1900
14 1800
14 1700
14 1900
14 3100
14 1800
14 1800
14 1800
15 3200
15 1800
14 1800
14 1700
14 3200
15 3500
15 2000
14 1800
14 1800
14 1900
15 1900
15 1800
14 1800
14 3300
14 1900
15 1800
15 1900
14 3200
14 1800
14 1900
15 1900
15 1800
14 1900
14 1900
14 1800
15 1900
15 5000
14 1800
14 1800
14 1800
15 3200
15 1800
14 1800
14 1800
14 3200
14 1700
14 1900
14 1900
14 1900
15 3400
15 1800
14 31400
14 5000
14 4200
15 1900
15 1900
14 2600
14 3300
14 2000
15 1800
15 1800
14 1800
14 2500
14 1800
15 1900
15 1800
14 3200
14 1900
14 1800
15 1900
15 5000
14 1900
14 1800
14 1800
15 1800
15 1900
14 1800
14 1700
14 1800
15 5000
15 2100
14 1800
14 1800
14 3200
14 1900
14 1700
14 1800
14 6100
15 1900
15 1900
14 1800
14 3200
14 1800
15 1900
15 1800
14 3100
14 1800
14 1900
15 1800
15 1800
14 3200
14 1900
14 1800
15 1800
15 3100
14 1900
14 1900
14 1900
15 3200
15 1700
14 1800
14 1800
14 1800
15 1900
15 1800
14 1800
14 21700
14 3600
15 1800
15 1800
14 1800
14 3000
14 1900
14 1800
14 1800
14 1800
14 2000
15 1800
15 1800
14 1700
14 3500
14 1800
15 1800
15 1700
14 3100
14 2400
14 1900
15 1800
15 3200
14 1800
14 1900
14 1800
15 1800
15 4200
14 1900
14 8600
14 4800
15 6100
15 2100
14 1800
14 1800
14 3500
15 2200
15 1800
14 1900
14 1800
14 3200
15 1900
15 1800
14 1700
14 3200
14 1900
14 1800
14 1700
14 3200
14 1800
15 1900
15 1900
14 1800
14 1900
14 1700
15 1800
15 1900
14 3100
14 1900
14 8800
15 2200
15 3300
14 1800
14 1700
14 21200
15 3800
15 2000
14 1800
14 1800
14 58700
15 3000
15 2000
14 1800
14 1700
14 3300
15 1900
15 2000
14 1800
14 3700
14 1900
15 1800
15 1800
14 3300
14 1800
14 1900
14 1800
14 1800
14 3300
14 1900
15 1900
15 1800
14 4300
14 2000
14 1800
15 1800
15 3100
14 1900
14 1800
14 1800
15 1800
15 1900
14 1800
14 1800
14 1800
15 3200
15 1800
14 1800
14 1700
14 3200
15 1800
15 2700
14 1800
14 1900
14 1900
15 1800
15 1900
14 1800
14 3100
14 1800
15 1800
15 1900
14 3100
14 1900
14 1700
14 1900
14 3100
14 1800
14 1800
15 21700
15 2100
14 3400
14 1800
14 1800
15 1800
15 3200
14 2000
14 1800
14 1800
15 3200
15 1800
14 1800
14 1800
14 1700
15 1900
15 1900
14 1800
14 1900
14 3800
15 2000
15 1800
14 1900
14 3100
14 1900
15 1800
15 1800
14 2600
14 2000
14 1800
15 1900
15 1800
14 3300
14 1800
14 1800
14 2600
14 3200
14 1800
14 1800
15 1800
15 3500
14 2000
14 1800
14 1900
15 1900
15 3200
14 1900
14 1800
14 1800
15 3200
15 1800
14 1900
14 2200
14 3000
15 1900
15 1800
14 1800
14 1800
14 1900
15 1900
15 1800
14 1800
14 3200
14 1900
15 2300
15 19500
14 3600
14 1900
14 1900
15 1900
15 1800
14 1800
14 1800
14 1900
15 1900
15 3100
14 1800
14 1800
14 1900
15 3800
15 1800
14 1900
14 1800
14 3000
15 1900
15 1900
14 2200
14 1800
14 3200
15 1900
15 1800
14 15800
14 9800
14 1900
15 1700
15 1700
14 2900
14 1700
14 1700
15 1600
15 1700
14 1700
14 1700
14 1600
15 1700
15 3000
14 1700
14 1600
14 2400
15 3400
15 1700
14 1700
14 2100
14 1600
14 1700
14 1700
14 1600
14 1700
15 3000
15 1700
14 1700
14 1700
14 3000
15 1600
15 1600
14 1600
14 2900
14 1600
15 1700
15 68700
14 85200
14 18800
14 4500
15 3700
15 3800
14 5400
14 3600
14 3800
15 3800
15 7300
14 3900
14 3800
14 3900
15 5300
15 3900
14 3800
14 3900
14 4300
15 5100
15 4800
14 5000
14 3800
14 6000
14 3900
14 4600
14 4000
14 5500
15 3900
15 3700
14 3800
14 3700
14 5300
15 4100
15 4200
14 4400
14 5300
14 3900
15 3700
15 3800
14 5200
14 4600
14 3800
15 4500
15 5000
14 3800
14 3800
14 3800
15 3800
15 5000
14 4400
14 4000
14 3800
15 5100
15 4400
14 3800
14 3800
14 5200
15 4100
15 4000
14 3700
14 4500
14 7800
14 3800
14 3900
14 4500
14 5300
15 3900
15 3800
14 3800
14 7300
14 3900
15 4100
15 3900
14 4500
14 4000
14 4600
15 3700
15 3800
14 5100
14 3700
14 4200
15 3700
15 5100
14 4000
14 3600
14 3800
15 5500
15 5100
14 4500
14 3800
14 3900
15 7200
15 4000
14 3700
14 3900
14 6900
15 3900
15 3700
14 4700
14 5800
14 4300
14 3700
14 4300
14 3800
14 25300
15 3400
15 3200
14 3200
14 5100
14 4600
15 4600
15 3300
14 4600
14 3300
14 3300
15 3200
15 3100
14 3100
14 3100
14 3100
15 4300
15 4600
14 3200
14 3200
14 3200
15 4700
15 3200
14 3200
14 3500
14 4500
15 3100
15 4000
14 3100
14 3100
14 4500
15 3100
15 3200
14 3900
14 4400
14 3500
14 3200
14 3200
14 5300
14 3200
15 3100
15 3200
14 3100
14 4500
14 3200
15 3200
15 9900
14 8400
14 3900
14 4600
15 3200
15 4800
14 3900
14 3300
14 3300
15 3300
15 3300
14 3700
14 3400
14 3300
15 5100
15 7100
14 8100
14 8500
14 5500
15 3500
15 3200
14 7500
14 10900
14 4000
15 3500
15 3300
14 4500
14 4700
14 3300
14 3200
14 3200
14 4600
14 3400
15 3200
15 3300
14 4500
14 3300
14 3900
15 27900
15 4900
14 3300
14 3200
14 3200
15 4100
15 6300
14 3200
14 3200
14 3200
15 5300
15 3200
14 3100
14 3800
14 4400
15 3100
15 4000
14 3100
14 3100
14 5300
15 3300
15 4600
14 3300
14 4600
14 3200
15 3100
15 3500
14 4700
14 6000
14 13300
14 2500
14 2100
14 2000
14 2000
15 2000
15 2000
14 3300
14 2000
14 2000
15 2800
15 3600
14 1900
14 2000
14 2000
15 5000
15 2100
14 2100
14 2000
14 2000
15 3600
15 1900
14 2000
14 6600
14 2100
15 2100
15 2100
14 10700
14 2100
14 2100
15 2100
15 3300
14 1800
14 2000
14 2000
15 4800
15 2000
14 1900
14 2100
14 4500
14 2300
14 3400
14 4500
14 4100
15 4900
15 2200
14 2000
14 1800
14 4300
15 2100
15 2000
14 2000
14 3200
14 2100
15 2100
15 2000
14 2100
14 2000
14 2200
15 5500
15 8000
14 4700
14 2500
14 2800
15 2200
15 4900
14 3400
14 3700
14 3600
15 5800
15 5500
14 4200
14 2700
14 2500
15 3800
15 2000
14 2000
14 2400
14 4000
14 2000
14 2000
14 1900
14 3300
15 2200
15 2600
14 2000
14 2100
14 3400
15 2000
15 2000
14 2000
14 3300
14 2000
15 2800
15 2100
14 4900
14 2000
14 1900
15 2000
15 2000
14 2000
14 2500
14 2000
15 2000
15 5000
14 2500
14 3100
14 2100
15 4900
15 23400
14 5600
14 2300
14 3600
15 1900
15 2000
14 2000
14 1900
14 4800
14 2100
14 2000
14 2200
14 3800
15 2100
15 2000
14 2000
14 11900
14 3000
15 2100
15 2000
14 2000
14 5100
14 2000
15 2100
15 2000
14 3500
14 2000
14 3100
15 2000
15 6400
14 2100
14 2000
14 2000
15 2000
15 2600
14 2000
14 1900
14 2500
15 4700
15 2000
14 5200
14 2600
14 3500
15 2000
15 1900
14 2100
14 3200
14 2000
14 2200
14 2300
14 26700
14 2200
15 2000
15 2000
14 2000
14 4200
14 1900
15 2000
15 2000
14 3300
14 2600
14 2000
15 1900
15 3200
14 2000
14 2000
14 1900
15 2100
15 3400
14 2100
14 2000
14 2000
15 4400
15 2000
14 2100
14 2000
14 3300
15 2000
15 2100
14 2000
14 2000
14 2900
15 2200
15 2100
14 2100
14 3600
14 2100
14 2000
14 2000
14 3400
14 2000
15 2000
15 2000
14 2100
14 2100
14 2100
15 2000
15 2000
14 3400
14 2100
14 2000
15 2000
15 2900
14 2100
14 2000
14 2000
15 3400
15 1900
14 2000
14 2000
14 2700
15 3300
15 2100
14 2000
14 2000
14 3300
15 2000
15 2100
14 2000
14 3300
14 1900
15 2100
15 1900
14 2100
14 3400
14 2000
14 2000
14 2100
14 3400
14 2000
15 2000
15 2100
14 3300
14 2100
14 2000
15 2100
15 2000
14 2200
14 2000
14 2700
15 2100
15 3500
14 2100
14 2000
14 2000
15 4000
15 2100
14 2000
14 2000
14 3100
15 2100
15 2100
14 2000
14 2100
14 4000
15 2200
15 2000
14 2000
14 3300
14 2100
15 2000
15 2000
14 3300
14 2000
14 2000
14 1900
14 2000
14 3300
14 2600
15 2000
15 1900
14 3400
14 2000
14 2100
15 2000
15 3400
14 2100
14 2000
14 2400
15 2000
15 2000
14 1900
14 1800
14 2000
15 3300
15 2000
14 2000
14 2000
14 3300
15 2100
15 2000
14 2000
14 3200
14 2100
15 2100
15 2900
14 2000
14 3400
14 2000
15 2100
15 2000
14 3300
14 2100
14 2000
14 2000
14 3700
14 2100
14 1800
15 2600
15 2700
14 3600
14 1800
14 2100
15 2000
15 3300
14 2000
14 2000
14 2800
15 3300
15 13100
14 6700
14 3700
14 2200
15 2100
15 1900
14 1900
14 1900
14 3300
15 3400
15 2000
14 2000
14 3300
14 2600
15 2000
15 2000
14 1900
14 2000
14 2000
15 2000
15 1900
14 3400
14 23700
14 2100
15 10400
15 8400
14 17000
14 2300
14 2000
15 3900
15 1900
14 1900
14 1900
14 13600
15 2500
15 1800
14 1900
14 2000
14 4300
15 2100
15 1900
14 1900
14 4600
14 2000
15 2000
15 2000
14 3600
14 2000
14 1900
15 1900
15 1900
14 1900
14 1900
14 2500
15 3300
15 3700
14 2000
14 1900
14 1900
15 3400
15 2000
14 2000
14 1800
14 2000
14 2000
14 1900
14 2600
14 2400
15 3500
15 2000
14 1900
14 1900
14 3200
15 1900
15 1900
14 2000
14 3800
14 3700
15 6000
15 4200
14 2200
14 3900
14 2000
15 1900
15 1900
14 3400
14 1900
14 10900
15 6300
15 5600
14 2400
14 1900
14 2000
15 1900
15 3300
14 2000
14 2000
14 1900
15 3900
15 2000
14 2000
14 2500
14 3400
14 2000
14 2000
14 1900
14 2000
15 2000
15 1900
14 1900
14 2000
14 3400
15 2000
15 1900
14 2000
14 3200
14 2000
15 219800
15 24700
14 6400
14 2100
14 2000
15 1900
15 1900
14 1800
14 1900
14 1900
15 1900
15 3300
14 2000
14 1900
14 2000
15 3100
15 1900
14 1800
14 1900
14 3200
15 1900
15 1900
14 2000
14 1900
14 5000
14 1900
14 1900
14 1800
14 3300
15 1900
15 1900
14 9900
14 3800
14 2100
15 2300
15 1800
14 1900
14 3300
14 1900
15 2300
15 1900
14 3200
14 2000
14 1800
15 1800
15 3300
14 1800
14 1900
14 1900
15 1800
15 2000
14 1900
14 1800
14 1900
15 3300
15 1900
14 1900
14 1900
14 3100
15 1800
15 2000
14 1900
14 1900
14 1900
14 2700
14 2000
14 1900
14 3400
15 2000
15 1900
14 8900
14 3600
14 2000
15 1800
15 1900
14 3200
14 1900
14 1900
15 1900
15 1900
14 3200
14 1800
14 1900
15 1800
15 3200
14 1900
14 1900
14 1800
15 3200
15 1900
14 1900
14 1800
14 1900
15 2000
15 23600
14 1900
14 2000
14 3400
15 1900
15 12200
14 2800
14 3500
14 1900
14 1900
14 1800
14 3600
14 1900
15 1900
15 1900
14 1900
14 2000
14 1900
15 1900
15 3000
14 2000
14 2800
14 1900
15 1800
15 1900
14 1900
14 1900
14 1800
15 3200
15 1900
14 1900
14 1700
14 3200
15 1900
15 2500
14 2000
14 3300
14 1900
15 3000
15 1900
14 1900
14 3200
14 1900
15 2200
15 1800
14 3200
14 1900
14 1900
14 1900
14 3100
14 1900
14 1900
15 1900
15 1900
14 1900
14 1800
14 1900
15 1900
15 3200
14 1800
14 2000
14 1900
15 3300
15 1800
14 2500
14 2400
14 1900
15 2300
15 1900
14 1800
14 1900
14 3500
15 1900
15 1700
14 1900
14 3000
14 1900
15 1800
15 1900
14 3000
14 1900
14 1900
15 1900
15 2000
14 3100
14 1900
14 1800
14 1900
14 3100
14 1900
14 1900
15 1900
15 3100
14 3300
14 1900
14 1900
15 1800
15 3100
14 3600
14 3000
14 1900
15 3800
15 1900
14 1900
14 1800
14 3300
15 1900
15 1900
14 1900
14 1900
14 1900
15 1900
15 1900
14 1900
14 3300
14 1900
15 1900
15 1900
14 3100
14 1900
14 1900
15 1900
15 3200
14 1900
14 2000
14 1900
14 2000
14 3300
14 1900
14 1900
15 2700
15 3200
14 1900
14 2000
14 1900
15 3100
15 1900
14 1900
14 1900
14 1900
15 3200
15 1900
14 2000
14 1900
14 3200
15 2000
15 1800
14 1800
14 3200
14 1900
15 2000
15 1900
14 1900
14 1900
14 2500
15 1900
15 1900
14 3300
14 1700
14 1900
15 1900
15 3200
14 2700
14 2000
14 1900
14 3200
14 2000
14 1900
14 1900
15 2000
15 3300
14 1900
14 1900
14 1900
15 3600
15 2000
14 1900
14 2800
14 3200
15 1800
15 1900
14 1900
14 1900
14 3200
15 1900
15 1900
14 1900
14 3300
14 22600
15 2000
15 2000
14 3400
14 1900
14 1900
15 1900
15 3100
14 1900
14 1900
14 1900
15 1900
15 1900
14 2500
14 1900
14 2000
14 3300
14 1900
14 2800
14 1900
15 3300
15 1900
14 1900
14 1800
14 1900
15 1900
15 2300
14 2300
14 2000
14 3300
15 2000
15 1900
14 1900
14 3100
14 1900
15 1900
15 1900
14 3000
14 2500
14 1900
15 2000
15 1900
14 3400
14 1900
14 1900
15 1900
15 3100
14 2000
14 1900
14 1900
15 3100
15 1900
14 1900
14 2000
14 1900
14 4300
14 2000
14 1900
14 2700
15 3500
15 2000
14 1900
14 1800
14 3200
15 1900
15 1900
14 1900
14 1900
14 1800
15 1900
15 1900
14 1900
14 3400
14 1900
15 1900
15 2000
14 5000
14 2000
14 1900
15 2000
15 4800
14 1900
14 1800
14 1900
15 9900
15 4000
14 2000
14 1800
14 1900
15 10600
15 2300
14 1900
14 1900
14 3200
14 1900
14 1900
14 1800
14 7500
15 3700
15 1900
14 1800
14 1900
14 3800
15 1900
15 1800
14 1700
14 5000
14 1800
15 1900
15 1900
14 1900
14 2800
14 1900
15 1900
15 1900
14 3200
14 1900
14 1900
15 1900
15 3200
14 2400
14 1900
14 1800
15 3500
15 2000
14 2000
14 1800
14 1900
15 3500
15 1900
14 1900
14 1900
14 3100
14 1900
14 1900
14 1700
14 3100
15 2400
15 2300
14 2000
14 1900
14 3200
15 1800
15 1900
14 2500
14 3100
14 1800
15 1900
15 1900
14 3200
14 1900
14 2300
15 1800
15 1900
14 1900
14 1900
14 1900
15 1900
15 3200
14 1800
14 1900
14 1800
15 3100
15 1900
14 1900
14 1900
14 3000
15 3400
15 1900
14 1900
14 1900
14 3300
14 2200
14 1900
14 1900
14 3200
15 1900
15 1900
14 1900
14 4000
14 1900
15 1900
15 1800
14 1800
14 3100
14 1700
15 2000
15 1800
14 22500
14 2500
14 3400
15 2100
15 5000
14 2000
14 1900
14 1800
15 3100
15 1900
14 1900
14 1900
14 1900
15 4700
15 1800
14 1900
14 1700
14 3200
15 2000
15 1900
14 1900
14 3200
14 1900
14 1900
14 1900
14 2000
14 1900
15 2000
15 1900
14 1900
14 3300
14 1900
15 1900
15 1900
14 3300
14 1900
14 1800
15 1900
15 3100
14 1900
14 1900
14 2500
15 2000
15 3400
14 1900
14 2800
14 1900
15 3100
15 1800
14 1900
14 1900
14 3100
15 1900
15 1900
14 1900
14 1800
14 3500
15 1900
15 1700
14 1800
14 3200
14 1800
15 1900
15 1800
14 3200
14 1900
14 1900
15 1900
15 1900
14 2000
14 2400
14 1700
15 1800
15 3200
14 1900
14 1900
14 1800
15 4400
15 1900
14 1900
14 1800
14 1800
15 1800
15 2000
14 2000
14 1900
14 3700
15 2000
15 1900
14 1900
14 3100
14 1900
15 1900
15 1900
14 3200
14 2400
14 2000
15 1900
15 1800
14 3700
14 1900
14 1900
14 1900
14 4900
14 1900
14 2500
15 2000
15 4500
14 2000
14 1900
14 1900
15 1900
15 1900
14 1900
14 1800
14 1800
15 3200
15 2000
14 1800
14 2000
14 4500
15 2000
15 1800
14 1900
14 1900
14 1900
15 1800
15 1900
14 1800
14 3300
14 1800
15 1900
15 1900
14 3300
14 2500
14 2100
15 1900
15 3100
14 1800
14 2300
14 2400
14 2000
14 3200
14 2200
14 1900
15 1900
15 3100
14 2000
14 1900
14 1900
15 3100
15 2100
14 1900
14 1800
14 1900
15 3200
15 2300
14 1800
14 1900
14 4700
15 1900
15 1800
14 1800
14 3200
14 1900
15 1800
15 1800
14 1900
14 4400
14 4300
15 2700
15 3800
14 2000
14 1900
14 1900
15 3100
15 2000
14 1900
14 2400
14 1800
14 3300
14 1900
14 1900
14 1800
15 3300
15 2000
14 1900
14 1900
14 57800
15 2100
15 2000
14 1900
14 3200
14 1900
15 1900
15 1900
14 1900
14 3900
14 2000
15 1700
15 1900
14 3300
14 1900
14 1800
15 1900
15 3100
14 1900
14 2200
14 2100
15 3500
15 4800
14 2600
14 2400
14 2800
15 3700
15 1900
14 1900
14 1900
14 3100
14 1800
14 2000
14 1800
14 1800
15 2400
15 1900
14 1900
14 1800
14 3200
15 1800
15 1800
14 2000
14 3100
14 1900
15 6300
15 3600
14 5700
14 3300
14 3500
15 3500
15 3700
14 3700
14 3000
14 3100
15 1900
15 3300
14 1900
14 1900
14 2600
15 3300
15 1900
14 2400
14 1900
14 2000
15 3300
15 1900
14 1900
14 1900
14 3300
14 5200
14 3700
14 4000
14 5700
15 2600
15 2400
14 2300
14 2200
14 2000
15 1900
15 1900
14 1900
14 3400
14 1900
15 1900
15 1800
14 3200
14 1900
14 1900
15 2000
15 3300
14 2000
14 1900
14 1900
15 1900
15 5300
14 3600
14 3600
14 3600
15 5400
15 2100
14 1900
14 1900
14 3300
15 1900
15 1900
14 1900
14 1800
14 3100
14 2600
14 2000
14 1900
14 7400
15 6500
15 4100
14 5700
14 6100
14 3500
15 2500
15 2400
14 2300
14 2000
14 1900
15 1900
15 3100
14 5000
14 1900
14 2000
15 1900
15 4800
14 2000
14 1900
14 1900
15 3200
15 1800
14 1900
14 1900
14 1900
15 6200
15 4000
14 3700
14 3600
14 5000
15 2100
15 1900
14 1800
14 3400
14 1900
14 1900
14 2000
14 1900
14 3300
15 1900
15 1900
14 1900
14 3400
14 1900
15 1900
15 1900
14 3300
14 2100
14 2900
15 2000
15 1900
14 2800
14 3600
14 3700
15 3700
15 5400
14 2600
14 2400
14 2400
15 3700
15 2600
14 4800
14 4900
14 4400
15 4100
15 4500
14 3100
14 4000
14 6000
15 4800
15 4000
14 3400
14 5300
14 3300
14 3400
14 25600
14 5700
14 3400
15 3500
15 3400
14 5300
14 3300
14 3400
15 3300
15 3100
14 5200
14 3200
14 3300
15 3200
15 5200
14 3300
14 3500
14 3400
15 5200
15 3300
14 3100
14 3300
14 3700
15 5300
15 3800
14 4900
14 3500
14 5300
15 3200
15 3400
14 3400
14 5000
14 3200
15 4100
15 3400
14 3500
14 3500
14 4200
14 3400
14 4100
14 5600
14 3400
15 3300
15 3300
14 5200
14 3400
14 3400
15 4000
15 5300
14 4500
14 3700
14 3300
15 3400
15 7800
14 3400
14 2200
14 1800
15 4200
15 1800
14 3400
14 2400
14 3300
15 11700
15 2300
14 1900
14 1900
14 3300
15 1800
15 1900
14 1900
14 3400
14 1900
15 1900
15 1900
14 3300
14 1900
14 1900
14 1900
14 1900
14 2000
14 1900
15 1800
15 2100
14 3400
14 2000
14 1900
15 2600
15 3500
14 2000
14 2000
14 2000
15 3400
15 2000
14 1800
14 1900
14 1900
15 3200
15 2000
14 2500
14 2500
14 8200
15 4300
15 2500
14 4000
14 4100
14 2100
15 1900
15 2000
14 3300
14 2000
14 2000
15 2000
15 1900
14 2700
14 4800
14 4700
14 3800
14 5900
14 3700
14 2700
15 2400
15 3600
14 2000
14 2000
14 2000
15 1900
15 2900
14 3700
14 2000
14 1900
15 3300
15 2000
14 1900
14 1900
14 3300
15 1800
15 2000
14 2600
14 7300
14 3900
15 3700
15 3600
14 2600
14 3500
14 2000
15 1800
15 1900
14 3300
14 1900
14 1900
15 2000
15 3200
14 2000
14 1900
14 1900
14 1900
14 3000
14 1900
14 1900
15 1900
15 5200
14 2000
14 1900
14 1800
15 4600
15 3700
14 3800
14 3600
14 3600
15 2200
15 2000
14 1900
14 1900
14 3500
15 2100
15 2100
14 2000
14 3900
14 2100
15 1900
15 2000
14 5000
14 2800
14 2000
15 1800
15 1800
14 5300
14 3700
14 3600
15 3700
15 34100
14 4000
14 3700
14 3200
14 7000
14 3800
14 22600
14 5000
15 6800
15 4000
14 4300
14 4300
14 4400
15 8700
15 4200
14 4100
14 4200
14 5700
15 2800
15 2700
14 2700
14 6800
14 3100
15 3200
15 3700
14 4700
14 3600
14 3600
15 3900
15 3400
14 5400
14 3600
14 4000
15 3600
15 5600
14 5200
14 4000
14 3700
15 3900
15 4100
14 3200
14 2700
14 2700
14 6100
14 5800
14 4100
14 4400
15 5700
15 3400
14 3600
14 3400
14 6600
15 3800
15 3500
14 5700
14 4200
14 5300
15 3500
15 3100
14 4200
14 6200
14 4300
15 4900
15 3500
14 7900
14 5100
14 6700
15 4900
15 3200
14 3200
14 3200
14 3900
15 3200
15 4900
14 3200
14 3800
14 4600
15 7800
15 3400
14 3300
14 3900
14 4800
14 3500
14 3300
14 3400
14 3200
15 6400
15 4300
14 3400
14 3400
14 6200
15 4800
15 4300
14 3300
14 5700
14 3400
15 4400
15 4200
14 3300
14 5400
14 4300
15 4500
15 5900
14 5700
14 3600
14 4600
15 4000
15 7500
14 4800
14 4400
14 3500
15 3600
15 5500
14 4000
14 4300
14 5600
15 6200
15 4100
14 4000
14 3700
14 6100
15 4300
15 4000
14 4000
14 5100
14 4100
15 4100
15 3000
14 3100
14 10000
14 3600
15 3400
15 3700
14 4000
14 3400
14 4200
15 3800
15 6100
14 4200
14 3600
14 4000
15 6200
15 4400
14 4200
14 3900
14 5700
15 3100
15 3000
14 4300
14 3800
14 5900
15 4200
15 4500
14 3900
14 5800
14 3600
15 3500
15 3700
14 5600
14 3700
14 4400
14 4300
14 4300
14 4000
14 3600
15 3800
15 3700
14 5700
14 3500
14 3100
15 5900
15 6300
14 4200
14 4400
14 4000
15 3500
15 3200
14 3400
14 3000
14 5600
15 7500
15 3300
14 3300
14 3300
14 6500
15 4600
15 3200
14 51000
14 7000
14 4300
15 3800
15 7000
14 6300
14 4400
14 4400
15 3400
15 3300
14 5100
14 3700
14 5900
14 4900
14 6000
14 3700
14 3600
15 3500
15 5700
14 4600
14 4500
14 3900
15 3900
15 5400
14 2900
14 5600
14 4100
15 18400
15 3400
14 3600
14 3500
14 5800
15 3600
15 3600
14 3900
14 3800
14 3700
15 4000
15 4100
14 3300
14 5500
14 3300
15 3300
15 3400
14 4900
14 3200
14 3800
15 4200
15 6200
14 4200
14 4300
14 4200
14 3900
14 6100
14 4000
14 13500
15 4700
15 8000
14 3400
14 2100
14 1900
15 6100
15 2000
14 1800
14 1800
14 1800
15 3300
15 1800
14 1900
14 1700
14 3200
15 1800
15 1800
14 1800
14 3500
14 1800
15 1900
15 1800
14 1900
14 1900
14 1800
15 1700
15 1800
14 3100
14 1800
14 1700
15 1800
15 3100
14 1800
14 1700
14 1800
14 3100
14 1900
14 3600
14 2000
15 1800
15 3300
14 1800
14 1700
14 1800
15 3000
15 1800
14 2400
14 2000
14 3100
15 1900
15 1800
14 1800
14 1800
14 3200
15 1800
15 1800
14 1900
14 3100
14 1900
15 1700
15 1900
14 3000
14 1900
14 2500
15 1900
15 1900
14 1900
14 1900
14 1800
15 1800
15 3200
14 1800
14 1800
14 1600
14 3200
14 1800
14 1800
14 2800
15 2300
15 1900
14 1900
14 1800
14 1900
15 3200
15 2100
14 5000
14 6300
14 9100
15 4800
15 2100
14 1800
14 3700
14 1900
15 1600
15 1800
14 1900
14 3200
14 1800
15 1800
15 1800
14 3100
14 1800
14 1800
15 1800
15 3200
14 1900
14 1800
14 1800
15 1800
15 1900
14 1900
14 1900
14 1900
14 5200
14 1900
14 1800
14 1800
15 3200
15 1900
14 1900
14 1800
14 1800
15 1800
15 2400
14 1900
14 1800
14 4000
15 2500
15 1900
14 1800
14 3900
14 1800
15 1900
15 18600
14 3700
14 1800
14 1800
15 1700
15 3900
14 1900
14 1900
14 1800
15 1900
15 3300
14 1900
14 1800
14 1800
15 3200
15 1900
14 1700
14 1800
14 3100
14 1900
14 1900
14 1800
14 1800
15 3300
15 1800
14 1800
14 1800
14 3200
15 1800
15 1800
14 1800
14 3100
14 1700
15 2700
15 1900
14 1900
14 1900
14 1800
15 1800
15 1700
14 3600
14 1900
14 1800
15 1800
15 3100
14 2400
14 1900
14 1900
15 1700
15 1900
14 1900
14 1800
14 1800
15 3300
15 1700
14 1800
14 1800
14 3700
14 2300
14 2000
14 2300
14 4100
15 1900
15 1800
14 1800
14 1800
14 3300
15 1800
15 1800
14 1900
14 3700
14 1900
15 1700
15 2300
14 3400
14 1900
14 1700
15 1800
15 1800
14 1900
14 1800
14 1900
15 2400
15 4700
14 3700
14 2000
14 3000
15 3600
15 1800
14 1800
14 1800
14 1900
15 1700
15 1700
14 2800
14 3600
14 6000
14 3800
14 3500
14 3600
14 3700
15 2100
15 1700
14 1800
14 3100
14 1800
15 1800
15 1700
14 1700
14 3000
14 1900
15 1900
15 1800
14 3000
14 2000
14 1800
15 1800
15 3100
14 1800
14 1700
14 1800
15 1800
15 4200
14 1900
14 1900
14 1900
15 3600
15 1900
14 1800
14 1900
14 12300
15 2000
15 1800
14 1800
14 1800
14 1900
14 1800
14 1900
14 1800
14 3200
15 1900
15 1800
14 1900
14 3100
14 1800
15 1800
15 1700
14 3100
14 2000
14 1900
15 1800
15 1900
14 3200
14 1800
14 1700
15 1900
15 3300
14 2000
14 2400
14 1900
15 3200
15 1800
14 2000
14 5100
14 4500
15 6400
15 3700
14 3700
14 3800
14 6500
15 4100
15 5700
14 4300
14 5800
14 2100
14 2000
14 2100
14 2700
14 1900
15 2000
15 1800
14 2800
14 3300
14 1800
15 1800
15 1900
14 4200
14 2000
14 1800
15 1800
15 18800
14 2000
14 1800
14 1800
15 1800
15 2000
14 1800
14 1900
14 1800
15 3300
15 1800
14 1700
14 1700
14 3300
15 1800
15 1800
14 1800
14 3300
14 1900
15 2300
15 1800
14 1800
14 5700
14 2000
14 1900
14 1800
14 3400
14 1900
15 1700
15 1900
14 3100
14 1900
14 1800
15 1800
15 1800
14 1800
14 1700
14 1800
15 1800
15 3300
14 1800
14 1700
14 1800
15 3300
15 1800
14 1800
14 1800
14 1800
15 2500
15 1800
14 1800
14 1800
14 3700
15 2000
15 1800
14 1900
14 3200
14 1900
15 1900
15 1800
14 3900
14 1900
14 1800
14 1800
14 1900
14 3000
14 1800
15 1800
15 1900
14 3200
14 1900
14 2500
15 1800
15 3100
14 1900
14 1800
14 2500
15 1800
15 3400
14 1800
14 1800
14 1800
15 3200
15 1800
14 1800
14 2400
14 3300
15 1900
15 1700
14 1900
14 6500
14 2000
15 1800
15 1800
14 3100
14 1700
14 1800
15 1800
15 1700
14 1900
14 1800
14 1800
14 1800
14 3200
14 1800
14 1800
15 1500
15 3200
14 1900
14 1700
14 1900
15 3300
15 1800
14 1900
14 1800
14 1700
15 3300
15 1900
14 1700
14 1800
14 3800
15 2000
15 1700
14 1800
14 4700
14 2000
15 1900
15 1800
14 1700
14 4400
14 2900
15 2400
15 1800
14 3400
14 1700
14 1700
15 1800
15 3100
14 1900
14 2700
14 2300
14 1800
14 1800
14 1900
14 1800
15 2000
15 3100
14 1800
14 1800
14 1800
15 6500
15 2400
14 1900
14 1800
14 3100
15 1800
15 1700
14 1700
14 1900
14 4500
15 2400
15 1800
14 2500
14 3100
14 1800
15 1900
15 1900
14 3000
14 1800
14 1800
15 1800
15 1800
14 3100
14 1900
14 1900
15 1900
15 3700
14 1800
14 1700
14 1800
15 3100
15 1800
14 1800
14 1800
14 1800
15 1900
15 1800
14 1800
14 3500
14 3900
15 1900
15 15400
14 1800
14 3400
14 1900
15 1900
15 1700
14 3200
14 1900
14 1800
15 1700
15 1900
14 1800
14 1900
14 1800
15 1900
15 3300
14 1800
14 1900
14 1800
15 3100
15 1800
14 1700
14 1800
14 2900
15 1900
15 1700
14 1800
14 1800
14 3100
14 1900
14 1900
14 1800
14 3300
15 1800
15 1800
14 1900
14 3000
14 1900
15 1800
15 1800
14 3000
14 3400
14 2000
15 1700
15 1800
14 3100
14 1900
14 1900
15 1900
15 3100
14 1800
14 1800
14 1900
15 1900
15 1900
14 1900
14 1800
14 1800
15 4000
15 1900
14 1800
14 2600
14 3900
15 1800
15 1800
14 1700
14 3300
14 1800
14 1900
14 1800
14 1900
14 4000
15 2000
15 1800
14 1800
14 3400
14 1900
15 2000
15 1800
14 3200
14 1900
14 1800
15 1800
15 1800
14 3200
14 1900
14 1800
15 1700
15 3300
14 1800
14 1800
14 1900
15 3000
15 2000
14 1800
14 1900
14 1800
15 2000
15 2400
14 1900
14 1900
14 3100
15 1800
15 1800
14 1900
14 3200
14 1800
14 1900
14 1900
14 1800
14 1900
15 1800
15 1700
14 1800
14 3200
14 1800
15 1900
15 1700
14 3200
14 1900
14 1700
15 1800
15 3100
14 1700
14 1800
14 2600
15 2000
15 3400
14 1800
14 1800
14 1900
15 3200
15 1900
14 1800
14 1800
14 3100
15 2900
15 2500
14 1900
14 1800
14 1800
15 1800
15 1800
14 1800
14 3200
14 1900
14 1700
14 2300
14 3400
14 1800
15 1600
15 1700
14 1800
14 1900
14 1800
15 1800
15 1900
14 3200
14 1900
14 1800
15 1800
15 3200
14 1900
14 1800
14 1700
15 3200
15 1900
14 1900
14 1800
14 1800
15 3200
15 1800
14 1800
14 1800
14 3100
15 1800
15 2300
14 1900
14 3100
14 1800
15 1900
15 1800
14 1800
14 3300
14 1900
14 1900
14 1800
14 3100
14 1800
15 2500
15 2000
14 17600
14 2300
14 1800
15 1800
15 3200
14 1900
14 1800
14 1600
15 1800
15 2600
14 1900
14 1800
14 2200
15 3900
15 1900
14 1700
14 2000
14 3100
15 1700
15 1800
14 1900
14 1800
14 1800
15 2300
15 3800
14 1900
14 3600
14 1800
15 1800
15 1800
14 3100
14 1800
14 2000
14 1900
14 3100
14 1800
14 1900
15 1900
15 1800
14 3200
14 1900
14 3200
15 1900
15 3300
14 1800
14 2200
14 1600
15 3100
15 1800
14 1900
14 1900
14 1800
15 1900
15 1900
14 1700
14 1800
14 3200
15 1900
15 1900
14 1800
14 3300
14 1900
15 2600
15 1800
14 1900
14 1800
14 1900
15 1800
15 2700
14 3300
14 1800
14 1800
14 1900
14 3300
14 1800
14 1900
15 1800
15 3000
14 1800
14 1800
14 1800
15 1800
15 3000
14 1800
14 1800
14 1800
15 3600
15 1900
14 68400
14 6100
14 12100
15 4400
15 7100
14 3500
14 2300
14 6000
15 4000
15 2600
14 2500
14 5600
14 2000
15 1900
15 1900
14 4000
14 2000
14 1800
15 1900
15 1800
14 1900
14 1900
14 1900
14 1800
14 3400
14 1800
14 1800
15 1800
15 3200
14 1900
14 1700
14 1900
15 3300
15 1800
14 1800
14 1900
14 1800
15 4500
15 2000
14 1800
14 1800
14 3300
15 1900
15 1900
14 1800
14 3100
14 3100
15 1900
15 1900
14 2700
14 2000
14 1900
15 1700
15 1800
14 3500
14 1800
14 1800
15 1900
15 3200
14 1800
14 1800
14 1800
14 1700
14 1900
14 1800
14 1800
15 2000
15 3200
14 1900
14 1900
14 1800
15 3200
15 1800
14 1700
14 1800
14 3100
15 1800
15 1900
14 1800
14 1800
14 3300
15 1800
15 1900
14 1800
14 3200
14 1800
15 2500
15 1900
14 3000
14 1900
14 2300
15 1900
15 1800
14 3300
14 1800
14 1800
15 1800
15 3200
14 1800
14 1700
14 49700
14 4100
14 1900
14 1800
14 1900
15 3100
15 1900
14 1900
14 1800
14 1800
15 1900
15 1800
14 1800
14 1800
14 3400
15 1800
15 1800
14 1800
14 3400
14 1800
15 1800
15 1900
14 1800
14 2000
14 1800
15 1800
15 1800
14 3300
14 1800
14 1800
15 1800
15 3100
14 1900
14 1900
14 1900
15 4200
15 1900
14 1900
14 2300
14 1900
14 3200
14 1900
14 1800
14 1800
15 3200
15 1900
14 1800
14 1800
14 6800
15 2000
15 1700
14 1800
14 3100
14 1800
15 1900
15 1800
14 3000
14 1900
14 1700
15 1900
15 1800
14 1900
14 1700
14 1600
15 1800
15 5000
14 2100
14 1800
14 1800
15 3300
15 1800
14 1900
14 1800
14 1800
15 1800
15 2000
14 1800
14 1900
14 3200
14 1800
14 1800
14 1800
14 3100
15 1800
15 1800
14 2900
14 3500
14 1800
15 1800
15 1900
14 1700
14 3200
14 1800
15 11900
15 2100
14 3300
14 1700
14 1600
15 1700
15 3000
14 2400
14 1600
14 1700
15 1600
15 1700
14 1700
14 1700
14 1600
15 3100
15 1700
14 1700
14 1500
14 3000
15 1600
15 1600
14 1700
14 1700
14 1600
14 1600
14 1600
14 1700
14 3000
15 1700
15 1700
14 2300
14 3000
14 1600
15 1700
15 6600
14 4200
14 1800
14 1700
15 1600
15 1600
14 2800
14 1800
14 1600
15 1600
15 2900
14 1700
14 1700
14 1600
15 2900
15 1800
14 1700
14 1600
14 1600
15 3200
15 1700
14 1600
14 1700
14 3100
15 1700
15 1600
14 1600
14 2900
14 1700
14 1600
14 1600
14 1600
14 1600
15 1600
15 1700
14 1700
14 2900
14 1700
15 1700
15 2400
14 3000
14 2200
14 2200
15 4900
15 8700
14 3400
14 2200
14 2000
15 2000
15 6300
14 6200
14 2800
14 1800
15 3600
15 2300
14 5100
14 5800
14 4000
15 1900
15 1600
14 1700
14 1700
14 18600
15 1800
15 1700
14 2300
14 3400
14 1700
14 1600
14 1700
14 3100
14 2500
15 1700
15 1700
14 3100
14 2300
14 1700
15 1600
15 1700
14 1600
14 1700
14 1700
15 1700
15 3100
14 1600
14 2200
14 1700
15 3100
15 1600
14 1700
14 1600
14 1700
15 1700
15 1700
14 1700
14 1700
14 3200
15 1600
15 1500
14 1600
14 2900
14 1600
15 1500
15 1700
14 3000
14 1700
14 1700
15 1600
15 1600
14 3100
14 1600
14 1700
15 2300
15 3100
14 1600
14 1600
14 1600
15 3000
15 1700
14 1700
14 1600
14 1700
15 3000
15 1800
14 2100
14 1700
14 3100
15 5700
15 4100
14 2800
14 3500
14 1600
15 1700
15 1600
14 1700
14 1700
14 1600
15 1600
15 1600
14 3000
14 1600
14 3000
15 1700
15 3000
14 1600
14 1700
14 1600
14 2900
14 1600
14 1700
14 1500
15 1700
15 3000
14 1700
14 1600
14 1600
15 2800
15 1600
14 1500
14 1700
14 2900
15 1700
15 1700
14 1600
14 1600
14 3200
15 1600
15 1600
14 1600
14 3100
14 1600
15 1700
15 1600
14 2800
14 2500
14 1700
15 1600
15 1700
14 1600
14 1600
14 1600
15 2200
15 3100
14 1600
14 1600
14 1700
14 3000
14 1800
14 1700
14 1700
15 2900
15 1700
14 1600
14 2300
14 1800
15 3200
15 2600
14 2200
14 1700
14 3000
15 1600
15 1700
14 1700
14 3100
14 2600
15 1700
15 1600
14 1600
14 5100
14 2200
15 1700
15 1700
14 3100
14 1700
14 1600
15 1900
15 2900
14 1700
14 2000
14 2300
15 3100
15 1700
14 1700
14 1600
14 1600
14 3100
14 1600
14 1700
14 1500
15 3000
15 1500
14 2000
14 1600
14 1800
15 1700
15 1600
14 1700
14 1600
14 2900
15 1600
15 1700
14 1700
14 3000
14 1600
15 1600
15 1700
14 2800
14 1600
14 1700
15 1700
15 1700
14 3100
14 13800
14 1800
15 1700
15 3000
14 1500
14 3800
14 3000
15 4900
15 3000
14 2800
14 3200
14 7000
14 3200
14 6900
14 3000
14 3300
15 5100
15 3200
14 2900
14 3000
14 4900
15 3200
15 3200
14 3200
14 4900
14 3200
15 4100
15 3100
14 2900
14 3400
14 3200
15 3200
15 3300
14 5000
14 3100
14 3300
15 3200
15 4900
14 3100
14 3300
14 3100
15 4900
15 3100
14 3100
14 3300
14 3400
15 5000
15 3300
14 3400
14 3200
14 5100
14 3200
14 3100
14 3300
14 4800
15 3200
15 3200
14 3100
14 3200
14 5200
15 3500
15 3900
14 3100
14 5000
14 3400
15 4300
15 3300
14 5000
14 3100
14 4400
15 3100
15 3300
14 3500
14 3100
14 3300
15 3200
15 5300
14 3400
14 3200
14 3200
15 4900
15 3300
14 3300
14 3100
14 3300
15 3200
15 3300
14 3300
14 3200
14 4800
14 3100
14 3000
14 3200
14 5100
15 3500
15 3400
14 3300
14 5000
14 3300
15 3300
15 4100
14 3300
14 5100
14 3300
15 3100
15 3200
14 5000
14 3200
14 3000
15 3100
15 4700
14 3300
14 3400
14 3500
15 3200
15 3300
14 3100
14 3300
14 3300
15 5100
15 3200
14 3000
14 4200
14 5300
15 3200
15 4000
14 3200
14 3100
14 3400
14 3700
14 3200
14 3300
14 5300
15 7300
15 3600
14 3600
14 6000
14 3500
15 3100
15 3300
14 5000
14 5800
14 3400
15 3200
15 3000
14 6300
14 3200
14 3000
15 3200
15 5300
14 3200
14 3100
14 3200
15 4900
15 4500
14 3300
14 3200
14 3000
15 5300
15 3100
14 3300
14 3200
14 5000
15 3400
15 3200
14 3100
14 5100
14 3100
14 3200
14 4100
14 6900
14 3500
15 3200
15 3200
14 3300
14 4900
14 3300
15 3400
15 3200
14 5100
14 3200
14 3100
15 3300
15 5000
14 3300
14 3100
14 3100
15 3300
15 5000
14 5400
14 3400
14 3300
15 29700
15 3400
14 3200
14 9500
14 3200
15 5800
15 3100
14 3200
14 5900
14 3300
15 3200
15 3300
14 5100
14 3200
14 3200
14 2000
14 3400
14 1800
14 1700
15 2000
15 3900
14 2700
14 1700
14 1600
15 1600
15 3100
14 1600
14 1700
14 1700
15 3000
15 1700
14 1600
14 5200
14 3500
15 1900
15 1700
14 1700
14 1600
14 4000
15 1700
15 1700
14 1700
14 3100
14 1700
15 1700
15 1700
14 3000
14 1600
14 1600
15 1700
15 1700
14 1700
14 1700
14 1600
14 1600
14 3100
14 1800
14 1600
15 1800
15 2900
14 1700
14 1700
14 1600
15 3300
15 1700
14 1700
14 1700
14 1700
15 3100
15 2400
14 1900
14 1600
14 3200
15 1700
15 1800
14 1600
14 3100
14 1600
15 1700
15 1700
14 1700
14 3100
14 1700
15 1600
15 1600
14 3000
14 2600
14 1700
15 1700
15 2900
14 1700
14 1600
14 1700
14 1600
14 1800
14 1700
14 1600
15 1700
15 3300
14 1700
14 1700
14 1700
15 3000
15 1700
14 1700
14 2200
14 1800
15 1700
15 1600
14 2100
14 1700
14 3100
15 1700
15 1700
14 1700
14 3000
14 1700
15 1700
15 1700
14 3000
14 1800
14 1700
15 1600
15 1600
14 3000
14 1700
14 1600
15 1700
15 3100
14 2400
14 2900
14 3300
14 5100
14 4100
14 3200
14 3000
15 3100
15 3200
14 3200
14 3100
14 3000
15 4800
15 3200
14 3300
14 3200
14 5000
15 3200
15 3200
14 3100
14 3300
14 3300
15 3100
15 3100
14 3200
14 5100
14 3200
15 3100
15 3200
14 5000
14 3100
14 3100
15 3100
15 5000
14 3200
14 3300
14 3300
15 3200
15 5000
14 3300
14 3200
14 3200
14 5000
14 3300
14 3300
14 3300
15 7000
15 8500
14 3300
14 3400
14 3100
15 5000
15 3300
14 3300
14 3200
14 5100
15 3400
15 3100
14 3400
14 4800
14 3200
15 3200
15 27600
14 5500
14 3300
14 3300
15 3300
15 3300
14 4500
14 3400
14 3300
15 3400
15 5400
14 3200
14 3300
14 3200
15 4900
15 3300
14 3300
14 3300
14 4100
14 4100
14 3300
14 3200
14 3000
15 5000
15 3300
14 3200
14 3000
14 4900
15 3200
15 3100
14 3100
14 4700
14 3200
15 3300
15 3100
14 3100
14 4800
14 3100
15 3300
15 3300
14 4900
14 3200
14 3000
15 3100
15 4800
14 3300
14 3000
14 3100
15 3200
15 3200
14 3100
14 3100
14 4300
15 5000
15 3100
14 3100
14 3100
14 5400
14 4100
14 3200
14 2900
14 3000
15 3300
15 3200
14 3000
14 2900
14 4800
15 3200
15 3300
14 3200
14 6100
14 3400
15 3300
15 5600
14 6200
14 3000
14 3100
15 3200
15 3200
14 6200
14 3900
14 3000
15 3000
15 4900
14 3300
14 3100
14 3800
15 5200
15 3400
14 3400
14 3100
14 3200
15 4900
15 3300
14 3100
14 3300
14 6300
15 6300
15 3200
14 3200
14 4800
14 3300
15 3200
15 3200
14 3000
14 3400
14 3200
15 3200
15 3200
14 5000
14 4400
14 3300
15 3300
15 4900
14 3200
14 3300
14 3000
15 4800
15 3400
14 3300
14 3100
14 3100
15 5000
15 3500
14 3100
14 3200
14 6000
15 3200
15 3100
14 3300
14 4900
14 3200
15 3200
15 3500
14 4500
14 5000
14 3200
14 3100
14 3300
14 4900
14 3300
15 3000
15 3200
14 4900
14 3200
14 3300
15 3300
15 3600
14 3200
14 3200
14 3200
15 3200
15 5000
14 3300
14 3100
14 3200
15 5000
15 3200
14 3300
14 3200
14 4800
15 3300
15 4100
14 3000
14 3100
14 8400
15 3100
15 3200
14 4000
14 5200
14 4200
15 3200
15 3000
14 5100
14 3300
14 3100
14 3100
14 3100
14 4700
14 3300
15 3200
15 3100
14 4900
14 3200
14 3100
15 3300
15 4700
14 3300
14 3100
14 3100
15 27700
15 3500
14 3100
14 3200
14 3100
15 4900
15 3300
14 3000
14 4000
14 5200
15 3300
15 3200
14 3200
14 5000
14 3600
15 3100
15 3000
14 3300
14 3300
14 3100
15 3100
15 3200
14 5000
14 3200
14 3200
14 3200
14 4900
14 3200
14 3100
15 3100
15 5100
14 3200
14 3100
14 3000
15 3200
15 4800
14 3100
14 3200
14 3100
15 4800
15 3200
14 3100
14 3200
14 4900
15 3200
15 3200
14 3100
14 3300
14 5100
15 3300
15 4700
14 3200
14 5100
14 3100
15 3200
15 3200
14 4700
14 3200
14 3200
15 3200
15 4000
14 4200
14 3200
14 3300
14 3200
14 5100
14 3200
14 3200
15 3300
15 4900
14 3200
14 3200
14 4200
15 5200
15 3300
14 3300
14 3200
14 3200
15 4900
15 3300
14 3100
14 3400
14 5000
15 3200
15 3100
14 3200
14 4800
14 3300
15 3200
15 3100
14 3300
14 5000
14 3200
15 3100
15 3200
14 4800
14 3200
14 3200
15 3200
15 5100
14 3300
14 3000
14 3100
14 3200
14 3300
14 3200
14 3100
15 3200
15 5100
14 3200
14 3300
14 3300
15 4800
15 3200
14 3400
14 3400
14 3300
15 3400
15 3200
14 3200
14 3100
14 9000
15 3300
15 3300
14 3300
14 5200
14 3300
15 3100
15 3300
14 5300
14 3200
14 3200
15 3100
15 3200
14 5200
14 4100
14 4200
15 3400
15 5100
14 3300
14 3100
14 3200
14 5200
14 3200
14 3200
14 3300
15 3300
15 3500
14 3400
14 3200
14 11000
15 3500
15 3200
14 3300
14 3000
14 3200
15 3000
15 3200
14 3200
14 5100
14 3200
15 3100
15 3300
14 5000
14 3300
14 3200
15 3200
15 3100
14 3300
14 3400
14 4500
15 3200
15 4800
14 3300
14 3000
14 3300
15 4900
15 3300
14 3100
14 3200
14 5300
14 3400
14 4700
14 3100
14 3100
15 5100
15 3400
14 28100
14 3300
14 5300
15 3300
15 3300
14 3100
14 5300
14 3300
15 3100
15 3300
14 4900
14 3200
14 4400
15 3300
15 3100
14 5000
14 3300
14 3100
15 3100
15 5000
14 4800
14 3400
14 3200
15 5100
15 3200
14 3100
14 3000
14 3200
15 3100
15 3300
14 3100
14 3100
14 5000
14 3200
14 3200
14 3200
14 5200
15 3200
15 3300
14 3400
14 5100
14 4300
15 3200
15 3100
14 3200
14 5400
14 3200
15 3300
15 3000
14 4900
14 3300
14 3100
15 4400
15 4800
14 3300
14 3400
14 3300
15 3100
15 5000
14 3200
14 3100
14 3100
15 4900
15 3000
14 3000
14 3200
14 4800
15 3200
15 3200
14 3200
14 3200
14 3300
14 3200
14 3200
14 3200
14 5000
15 4200
15 3100
14 3100
14 5100
14 3000
15 3200
15 4700
14 3900
14 3400
14 3100
15 3200
15 3100
14 5200
14 4100
14 3400
15 7300
15 5300
14 3000
14 3200
14 2900
15 4800
15 3200
14 3000
14 3200
14 3200
15 4800
15 3200
14 3200
14 3400
14 5100
15 3300
15 3000
14 3200
14 5100
14 3400
14 3200
14 3100
14 3000
14 3200
15 3100
15 3100
14 3000
14 4800
14 3300
15 3200
15 3400
14 5000
14 3200
14 3000
15 3100
15 3400
14 3400
14 3400
14 3000
15 3100
15 4800
14 3200
14 3200
14 4200
15 4900
15 3100
14 3200
14 3300
14 4900
15 4000
15 4300
14 3100
14 3100
14 5300
15 3200
15 3100
14 3200
14 4700
14 3100
14 3300
14 3100
14 4800
14 4700
15 3200
15 3300
14 2900
14 5000
14 3300
15 3200
15 3200
14 4900
14 3300
14 3200
15 3000
15 4800
14 3200
14 3100
14 3300
15 3000
15 3200
14 3200
14 3100
14 3200
15 4900
15 3300
14 3300
14 2900
14 4900
15 3300
15 3300
14 4400
14 4800
14 3000
15 3100
15 3300
14 3200
14 4800
14 3300
14 3100
14 3100
14 26800
14 3600
15 15100
15 3700
14 4800
14 3300
14 3200
15 3100
15 5000
14 3100
14 3100
14 3100
15 3200
15 5700
14 3600
14 3300
14 3100
15 14600
15 4600
14 3300
14 3100
14 5100
15 3900
15 3200
14 3100
14 3200
14 3400
15 3200
15 3200
14 3300
14 6000
14 3200
15 3200
15 3200
14 4800
14 3200
14 3300
14 3100
14 4800
14 4100
14 3900
15 6500
15 3200
14 4900
14 3200
14 3100
15 3200
15 5000
14 3000
14 3200
14 3100
15 4800
15 3200
14 3200
14 3000
14 3200
15 4900
15 3100
14 3200
14 3000
14 5000
15 3600
15 3200
14 3000
14 5000
14 3400
15 3100
15 3200
14 3200
14 3200
14 3300
15 3200
15 4300
14 5000
14 3100
14 3000
14 3100
14 5700
14 3300
14 3500
15 3100
15 3100
14 3200
14 3000
14 3100
15 3200
15 5100
14 3100
14 3100
14 2900
15 5000
15 3300
14 3200
14 3200
14 4700
15 3300
15 3200
14 3100
14 3200
14 5000
15 3200
15 3200
14 3100
14 5000
14 3200
15 3200
15 3200
14 4900
14 4200
14 3100
15 3200
15 3200
14 3300
14 3200
14 3300
14 3200
14 5300
14 3400
14 3100
15 3000
15 4800
14 3300
14 3100
14 3100
15 3200
15 3200
14 3500
14 3300
14 4100
15 5000
15 3200
14 3000
14 3300
14 4900
15 4500
15 3300
14 3200
14 4800
14 4200
15 3300
15 3300
14 4000
14 5200
14 3200
15 3200
15 3100
14 5200
14 3300
14 3200
15 3000
15 4900
14 4300
14 3200
14 3100
15 3200
15 5000
14 3200
14 3300
14 3200
15 4800
15 3100
14 3200
14 3200
14 5200
15 3200
15 3200
14 3300
14 3100
14 3300
15 3200
15 3300
14 3200
14 4900
14 3200
15 3500
15 3300
14 4900
14 3200
14 3200
15 3300
15 5200
14 3300
14 3400
14 3400
15 3200
15 4800
14 3200
14 3300
14 3300
15 5000
15 66000
14 3600
14 3200
14 5200
14 4200
14 3200
14 3200
14 4900
15 3300
15 3300
14 3200
14 3000
14 5100
15 3200
15 3300
14 4000
14 5400
14 3300
15 3000
15 3200
14 5000
14 3100
14 3100
15 8500
15 3400
14 3200
14 3200
14 4200
15 3300
15 5400
14 3300
14 3200
14 4100
15 5000
15 3400
14 8000
14 3500
14 3300
15 3500
15 3300
14 3400
14 5100
14 8000
14 3600
14 3300
14 3200
14 7900
15 3400
15 5100
14 3400
14 6900
14 5500
15 3300
15 5000
14 4600
14 5200
14 3400
15 3300
15 3000
14 5100
14 3200
14 3300
15 3300
15 4900
14 3200
14 3200
14 4200
15 3200
15 5000
14 3200
14 3200
14 3500
15 5200
15 3100
14 3200
14 3300
14 5300
15 3200
15 3100
14 4800
14 3500
14 3400
14 3200
14 3100
14 3300
14 5500
15 3300
15 3200
14 3300
14 4900
14 3300
15 3500
15 3300
14 5000
14 4400
14 3300
15 4300
15 3100
14 5100
14 3200
14 3100
15 3200
15 5300
14 3300
14 3200
14 3200
15 4900
15 8700
14 4100
14 9400
14 5200
15 3100
15 3100
14 3200
14 5300
14 3400
15 4200
15 3400
14 4800
14 3300
14 4100
14 3200
14 3200
14 4800
14 3200
15 3100
15 3300
14 5000
14 3200
14 3200
15 3100
15 5100
14 3300
14 3400
14 3000
15 3200
15 4900
14 3300
14 3100
14 3400
15 5000
15 3200
14 3300
14 17400
14 11400
15 4300
15 2800
14 2800
14 2800
14 3000
15 2800
15 2600
14 2800
14 4700
14 2800
15 2800
15 2900
14 4700
14 2800
14 2800
14 3000
14 22100
14 11300
14 2600
15 2400
15 2200
14 4100
14 2300
14 2300
15 2300
15 4400
14 2400
14 3400
14 2400
15 4000
15 2500
14 2500
14 2400
14 2300
15 4200
15 2300
14 2300
14 2300
14 4000
15 2400
15 2500
14 2300
14 3900
14 37800
15 2500
15 2500
14 4300
14 2300
14 2300
15 2400
15 2300
14 2400
14 2400
14 2400
14 2300
14 4100
14 2300
14 2400
15 2300
15 4000
14 2300
14 3100
14 2400
15 2400
15 2400
14 2300
14 2300
14 2300
15 4100
15 2500
14 2400
14 2500
14 4000
15 2400
15 2400
14 2300
14 4000
14 2500
15 2400
15 2300
14 2400
14 4000
14 2400
15 2300
15 2500
14 4100
14 2400
14 2300
15 2300
15 3900
14 2400
14 2300
14 2300
14 2400
14 2300
14 2300
14 2300
15 2300
15 4200
14 2400
14 2200
14 2200
15 4000
15 2400
14 2300
14 2400
14 2500
15 2400
15 2300
14 2300
14 2200
14 4100
15 2300
15 2200
14 2500
14 3900
14 2300
15 2300
15 2200
14 4100
14 2500
14 2200
15 2200
15 2300
14 4100
14 3300
14 2400
15 2500
15 4300
14 2300
14 2200
14 2300
14 3900
14 2400
14 2300
14 2400
15 12100
15 3600
14 2400
14 4300
14 2400
15 2300
15 2300
14 2300
14 4300
14 2400
15 2400
15 2300
14 4100
14 2300
14 2200
15 2300
15 3900
14 2400
14 2400
14 2300
15 2200
15 4000
14 2300
14 2300
14 2400
15 4300
15 2400
14 2400
14 2400
14 4100
15 2400
15 2400
14 2500
14 2500
14 2700
14 2300
14 2200
14 2300
14 4200
15 2400
15 2300
14 2300
14 3900
14 3400
15 2300
15 2400
14 4200
14 2400
14 2400
15 2300
15 2300
14 4000
14 2400
14 2300
15 1400
15 3200
14 1900
14 1200
14 1800
15 13500
15 5500
14 2800
14 8200
14 1400
15 5200
15 1200
14 1300
14 1200
14 4900
15 2400
15 1200
14 10000
14 5400
14 1500
14 1200
14 1200
14 1200
14 2400
15 2000
15 1600
14 1700
14 7900
14 4000
15 1300
15 3000
14 4600
14 3000
14 1300
15 1400
15 2900
14 1200
14 1200
14 1100
15 1200
15 2500
14 1200
14 1200
14 1100
15 20900
15 1400
14 1100
14 1200
14 2600
15 1300
15 1100
14 1200
14 2700
14 1900
15 1300
15 1200
14 1100
14 2600
14 1200
14 1200
14 1200
14 2500
14 1200
15 1800
15 1300
14 2700
14 1200
14 1200
15 1200
15 1200
14 1300
14 1200
14 1200
15 1900
15 3300
14 1300
14 1200
14 1200
15 2500
15 1200
14 1200
14 1200
14 1200
15 1200
15 1100
14 1200
14 1100
14 2700
15 1200
15 1300
14 1300
14 2700
14 1200
15 1200
15 1200
14 2400
14 1300
14 1200
14 1200
14 1600
14 2600
14 1200
15 1300
15 1100
14 2600
14 1200
14 1200
15 1200
15 2500
14 1200
14 1100
14 1200
15 1200
15 1200
14 1200
14 1200
14 1200
15 2700
15 1200
14 1200
14 1200
14 2500
15 1200
15 1100
14 1200
14 1200
14 1300
15 1700
15 1300
14 1200
14 2800
14 1200
15 1200
15 1300
14 2600
14 1200
14 1200
14 1200
14 2500
14 1300
14 1200
15 1300
15 1200
14 2400
14 1200
14 1200
15 1200
15 2600
14 1300
14 1100
14 1200
15 2600
15 1200
14 1200
14 1200
14 1100
15 3000
15 1200
14 1200
14 1200
14 2700
15 1200
15 1200
14 1200
14 2500
14 1200
15 1200
15 1200
14 1200
14 1300
14 1300
15 1200
15 1200
14 2700
14 1200
14 1300
14 1300
14 2500
14 1300
14 1200
15 1200
15 2800
14 1200
14 1200
14 1400
15 1300
15 2500
14 1200
14 1200
14 1100
15 2600
15 1800
14 1300
14 1200
14 2600
15 1200
15 1200
14 1200
14 1200
14 2400
15 1200
15 1200
14 1200
14 2600
14 1200
15 1200
15 1200
14 2400
14 1300
14 1200
15 1200
15 1200
14 1300
14 1100
14 1200
14 1200
14 2600
14 2100
14 1300
15 1200
15 2500
14 1200
14 1200
14 1200
15 2400
15 1200
14 1200
14 1100
14 1200
15 2600
15 1300
14 1100
14 1300
14 2600
15 13300
15 1400
14 1200
14 2600
14 1200
15 1100
15 1200
14 2500
14 1200
14 1200
15 1200
15 1200
14 2500
14 1300
14 1200
15 1200
15 2600
14 1200
14 1200
14 1200
15 2600
15 1800
14 1300
14 1100
14 1200
15 2800
15 1200
14 1100
14 1200
14 2500
15 1200
15 1200
14 1200
14 2500
14 1200
15 1100
15 1200
14 1200
14 1200
14 1200
15 1200
15 1100
14 2500
14 1200
14 1200
15 1300
15 2600
14 1300
14 1100
14 1300
15 2600
15 1200
14 1400
14 1200
14 1200
15 2600
15 1200
14 1200
14 1100
14 2500
14 1200
14 1200
14 1100
14 2500
15 1200
15 1200
14 1200
14 1200
14 2500
15 1200
15 1100
14 1200
14 2500
14 1300
15 1100
15 1200
14 2500
14 1200
14 1300
15 1200
15 1200
14 1200
14 1100
14 1300
15 1200
15 3200
14 1300
14 1200
14 1200
15 2600
15 1200
14 1200
14 1200
14 2500
15 1200
15 1200
14 1200
14 1200
14 2800
14 1300
14 1200
14 1200
14 2500
15 1900
15 1200
14 1200
14 2900
14 1300
15 1200
15 1200
14 1200
14 2400
14 1300
15 1200
15 1100
14 2500
14 1200
14 1200
15 1200
15 2400
14 1300
14 1200
14 1100
15 1200
15 1300
14 1200
14 1200
14 1700
15 4900
15 2400
14 2300
14 2300
14 4200
15 2200
15 5300
14 2600
14 2200
14 2400
14 2300
14 2300
14 2400
14 4400
15 20300
15 3000
14 2100
14 4200
14 2200
15 2300
15 3100
14 4600
14 2400
14 2300
15 2400
15 2300
14 4000
14 2400
14 2300
15 2300
15 4000
14 2400
14 3500
14 2300
15 4100
15 2400
14 2200
14 2200
14 2400
15 2400
15 2300
14 2300
14 2400
14 4300
15 2400
15 2300
14 2300
14 3800
14 2200
14 2300
14 2300
14 2400
14 2300
15 2300
15 2400
14 2300
14 4000
14 2300
15 2300
15 21600
14 4800
14 2300
14 2300
15 2400
15 4000
14 2300
14 2300
14 2400
15 4100
15 2400
14 2200
14 2300
14 2200
15 3900
15 2400
14 2300
14 2200
14 4400
15 3100
15 2200
14 2400
14 4300
14 2500
15 2300
15 3000
14 2500
14 4300
14 2200
14 2300
14 2300
14 4100
14 2300
15 2400
15 2300
14 4000
14 2300
14 2200
15 2300
15 2300
14 2600
14 2400
14 2200
15 2400
15 4200
14 2300
14 2200
14 2300
15 4000
15 2400
14 2300
14 2200
14 3900
15 2300
15 2400
14 2300
14 4000
14 2200
15 2300
15 2300
14 3900
14 2300
14 2500
15 2400
15 2300
14 4200
14 2600
14 17000
14 2500
14 4300
14 2400
14 2400
15 2300
15 4000
14 2300
14 2300
14 2200
15 2400
15 4200
14 2200
14 3000
14 2200
15 4000
15 2400
14 2300
14 2300
14 4000
15 2200
15 2300
14 2900
14 2400
14 2300
15 2200
15 2300
14 2400
14 5100
14 3100
15 2900
15 2400
14 4100
14 2300
14 2300
15 2400
15 4000
14 2200
14 2100
14 2300
14 2200
14 4700
14 2400
14 2200
15 2300
15 4100
14 2300
14 2300
14 2400
15 4100
15 2400
14 11500
14 19300
14 2600
15 4300
15 2300
14 2200
14 2300
14 3900
15 2600
15 2200
14 2200
14 3900
14 2400
15 2400
15 2300
14 2200
14 2200
14 2100
15 2200
15 2200
14 4000
14 2400
14 2200
15 2100
15 4000
14 2200
14 2200
14 2300
14 3900
14 2300
14 2300
14 2300
15 2200
15 4000
14 2500
14 3100
14 2600
15 4400
15 2300
14 2300
14 2300
14 4000
15 2400
15 2200
14 2200
14 2300
14 4000
15 2200
15 2400
14 2300
14 5800
14 2400
15 2300
15 2300
14 4000
14 2300
14 2200
15 2200
15 2300
14 2300
14 2200
14 2200
15 2400
15 4000
14 2300
14 2300
14 13600
14 4400
14 2100
14 2200
14 2400
15 105500
15 48200
14 7200
14 2400
14 3500
15 1800
15 1800
14 1600
14 1800
14 3300
15 1600
15 1600
14 1600
14 3000
14 1700
15 1700
15 1600
14 3000
14 12000
14 6100
15 7100
15 2500
14 4400
14 1700
14 1600
15 1700
15 3100
14 3800
14 1900
14 1700
15 3500
15 1700
14 1700
14 1600
14 1600
14 1800
14 1600
14 1800
14 1700
15 3500
15 5400
14 8400
14 2800
14 4100
15 1800
15 1800
14 1600
14 1600
14 1700
15 1700
15 1700
14 1700
14 3200
14 1900
15 4000
15 4300
14 6800
14 3400
14 3100
15 3100
15 4600
14 1800
14 1600
14 1800
15 1600
15 3100
14 1700
14 1600
14 1700
15 4600
15 2500
14 1700
14 1700
14 3100
14 1700
14 1600
14 1700
14 1600
15 1700
15 1700
14 1600
14 1700
14 3000
15 1800
15 1700
14 1900
14 3100
14 1700
15 1600
15 1600
14 1800
14 2700
14 1800
15 1700
15 1700
14 3400
14 1700
14 1700
15 1700
15 3000
14 1800
14 1600
14 1700
15 3000
15 1700
14 1700
14 1700
14 2300
15 3100
15 1700
14 1700
14 1700
14 3000
14 1700
14 1700
14 1700
14 3200
15 1700
15 1600
14 1700
14 1600
14 4100
15 1700
15 6500
14 4100
14 5000
14 1700
15 1800
15 1700
14 2900
14 1700
14 1700
15 1600
15 1600
14 1800
14 1700
14 1600
15 1600
15 3100
14 1700
14 2400
14 1700
15 3500
15 5800
14 4900
14 2200
14 6500
15 1900
15 1700
14 1700
14 1700
14 8700
14 4700
14 3500
14 4000
14 9700
15 2300
15 1900
14 1700
14 3100
14 1600
15 1600
15 1700
14 1600
14 3000
14 1600
15 1700
15 4200
14 6500
14 4600
14 3200
15 3900
15 18000
14 2200
14 1700
14 2700
15 1900
15 1700
14 1700
14 1700
14 1700
15 3200
15 1700
14 1700
14 1700
14 3700
15 4800
15 2200
14 1900
14 26200
14 5800
14 5800
14 6000
14 6100
14 5600
15 5400
15 5000
14 7600
14 8000
14 5100
15 4600
15 5300
14 6600
14 5500
14 3900
15 3800
15 6900
14 4500
14 4200
14 6200
15 5900
15 7900
14 5600
14 5000
14 5400
15 9900
15 4700
14 6200
14 3900
14 11200
15 4500
15 4600
14 10100
14 5400
14 7300
15 14900
15 3300
14 3500
14 7300
14 3800
14 3500
14 3500
14 5100
14 3400
15 2700
15 2500
14 6400
14 3200
14 2700
15 2900
15 3000
14 6500
14 3100
14 4100
15 3100
15 5600
14 2600
14 2400
14 2400
15 6800
15 2800
14 2400
14 2400
14 2700
15 4300
15 2600
14 2700
14 2400
14 6200
15 2500
15 2400
14 2700
14 6300
14 3200
15 3100
15 4900
14 2400
14 1500
14 1300
15 1300
15 1300
14 2700
14 1300
14 1300
15 1300
15 2600
14 1300
14 1900
14 1300
15 1300
15 1400
14 1300
14 1300
14 4300
15 5500
15 2900
14 2600
14 2600
14 4400
15 3300
15 3000
14 3100
14 5500
14 3300
15 3100
15 1800
14 1700
14 3400
14 1300
15 1200
15 1300
14 2600
14 1300
14 1300
15 1300
15 2600
14 1300
14 1300
14 1300
14 1400
14 1400
14 1300
14 1200
15 1300
15 2600
14 3600
14 1400
14 1300
15 4400
15 1300
14 1300
14 1300
14 1300
15 1400
15 1300
14 1300
14 1300
14 2600
15 1400
15 1300
14 1300
14 2600
14 1300
15 1300
15 1300
14 2500
14 1400
14 1300
15 1300
15 1300
14 2600
14 1400
14 1300
15 1300
15 2500
14 1300
14 1200
14 2100
14 2900
14 1500
14 1300
14 1200
15 1200
15 2600
14 1300
14 1300
14 1300
15 2600
15 1200
14 1200
14 1300
14 2600
15 1300
15 1400
14 1300
14 1300
14 1300
15 1300
15 1300
14 1300
14 2700
14 1400
15 1300
15 1300
14 2500
14 1400
14 2100
15 1300
15 2700
14 1300
14 18500
14 1500
15 2800
15 1400
14 1300
14 1300
14 1400
14 2800
14 2200
14 1400
14 1300
15 2700
15 5100
14 2200
14 2200
14 3900
15 1300
15 1300
14 1300
14 2700
14 1400
15 1300
15 1200
14 3300
14 1400
14 1200
15 1300
15 1300
14 2600
14 1400
14 1300
15 1900
15 3000
14 1400
14 1300
14 1300
15 2700
15 1300
14 2000
14 2200
14 1400
15 1300
15 1300
14 1200
14 1200
14 2600
14 1300
14 1200
14 1200
14 2500
15 1200
15 1900
14 1400
14 2700
14 1300
15 1300
15 1200
14 1200
14 2600
14 1300
15 1200
15 1900
14 4500
14 1400
14 1500
15 1400
15 2400
14 1300
14 1300
14 1300
15 1300
15 2800
14 1200
14 5100
14 1400
15 2800
15 1300
14 1200
14 1200
14 2500
15 1300
15 1200
14 1200
14 1300
14 1300
14 1200
14 1200
14 1200
14 2800
15 1300
15 1300
14 1200
14 2900
14 1500
15 2500
15 3900
14 4900
14 1800
14 1600
15 1700
15 1600
14 2900
14 1300
14 1200
15 1300
15 2700
14 1200
14 2500
14 1400
15 2600
15 1300
14 1300
14 1300
14 1300
15 2600
15 2000
14 1400
14 1400
14 2600
15 1300
15 1400
14 1300
14 2600
14 1300
14 1300
14 1300
14 1300
14 1400
15 1300
15 1300
14 1300
14 2700
14 1800
15 1400
15 1200
14 2600
14 1200
14 1400
15 1300
15 1300
14 1300
14 1300
14 1200
15 1200
15 2600
14 1300
14 1200
14 1300
15 2700
15 1300
14 1200
14 1200
14 5700
15 4200
15 2800
14 2600
14 3500
14 3600
15 2100
15 3400
14 1700
14 3200
14 1400
14 1300
14 1300
14 2600
14 1200
15 1300
15 1300
14 1300
14 1300
14 1300
15 1300
15 1200
14 2700
14 1300
14 1200
15 1300
15 2600
14 1300
14 1300
14 1300
15 1400
15 1300
14 1300
14 1200
14 1300
15 2600
15 91500
14 5100
14 3400
14 5900
15 2300
15 3100
14 3000
14 3900
14 1900
15 2000
15 2000
14 3700
14 5000
14 2200
14 3100
14 2400
14 4200
14 2000
15 2200
15 2300
14 4000
14 2000
14 2000
15 2100
15 3900
14 3300
14 2300
14 2000
15 2200
15 4100
14 1900
14 2200
14 2200
15 5000
15 4300
14 4500
14 4100
14 6000
15 2300
15 2600
14 2500
14 2700
14 2800
15 2700
15 2600
14 2500
14 4900
14 2700
15 2400
15 2400
14 4800
14 1700
14 1700
14 1700
14 2200
14 3900
14 3500
15 3000
15 2600
14 4800
14 2500
14 4500
15 4700
15 3700
14 1300
14 1200
14 1300
15 2600
15 1300
14 1300
14 1200
14 1300
15 2800
15 1300
14 1300
14 1300
14 2600
15 1300
15 1300
14 1400
14 2600
14 1900
15 2500
15 2600
14 2400
14 2700
14 2500
15 2700
15 2200
14 3000
14 1300
14 1300
14 1300
14 2600
14 1200
14 1800
15 2700
15 2500
14 3800
14 2900
14 2600
15 2500
15 5000
14 2600
14 2600
14 2700
15 4600
15 2800
14 2500
14 2800
14 4500
15 2600
15 2600
14 2700
14 2700
14 4700
15 2600
15 2600
14 2700
14 4500
14 2500
15 2600
15 2700
14 4900
14 2600
14 2500
15 2500
15 2500
14 4700
14 2800
14 2600
14 2600
14 5000
14 2800
14 2500
15 2500
15 4900
14 2800
14 2800
14 2700
15 2600
15 2900
14 2800
14 2700
14 2700
15 5000
15 3000
14 2500
14 2400
14 4800
15 2600
15 2400
14 2600
14 4400
14 2800
15 2600
15 2600
14 2600
14 4500
14 2600
15 2500
15 2800
14 6000
14 2900
14 2700
15 2300
15 4300
14 2400
14 2400
14 2500
14 2300
14 4300
14 2600
14 2400
15 2400
15 7900
14 2500
14 2200
14 2200
15 4600
15 2500
14 2200
14 2500
14 2600
15 2500
15 2400
14 2400
14 2700
14 4600
15 46900
15 3400
14 3100
14 6600
14 4200
15 3800
15 1800
14 3500
14 1200
14 1300
15 1200
15 1300
14 1300
14 1200
14 1300
15 1200
15 2900
14 1200
14 1200
14 1200
14 3000
14 1300
14 1400
14 1300
15 2600
15 1200
14 3200
14 1300
14 1200
15 2600
15 1200
14 1200
14 1200
14 2600
15 1300
15 1200
14 1200
14 3600
14 1500
15 1200
15 1200
14 1200
14 3100
14 2100
15 2800
15 2600
14 4800
14 2500
14 2500
15 2700
15 3100
14 1300
14 1300
14 1200
15 1300
15 1300
14 1300
14 1200
14 1200
14 2600
14 1200
14 1200
14 1300
15 2500
15 2500
14 2600
14 2500
14 4800
15 1900
15 1600
14 1600
14 1600
14 4700
15 2600
15 2600
14 2500
14 4500
14 2700
15 1700
15 1600
14 3000
14 1300
14 1300
15 1200
15 1200
14 2800
14 1200
14 1300
15 1300
15 2700
14 1300
14 1200
14 1200
15 2800
15 1200
14 2900
14 1300
14 1200
14 1300
14 1300
14 1100
14 1900
15 3000
15 1400
14 4700
14 2900
14 7400
15 4400
15 2600
14 2500
14 4800
14 2200
15 2000
15 2000
14 2000
14 4300
14 2200
15 2200
15 2200
14 4100
14 2200
14 2000
15 2300
15 4900
14 3100
14 2400
14 2100
15 2100
15 4300
14 2400
14 2200
14 2500
15 5000
15 3200
14 2200
14 2100
14 4200
15 2500
15 2200
14 2000
14 2000
14 2100
15 2000
15 2100
14 2100
14 7200
14 2300
15 2100
15 2100
14 4100
14 2300
14 2400
15 2400
15 2200
14 2200
14 2200
14 2200
15 2100
15 5800
14 2400
14 2200
14 2000
15 7700
15 2300
14 3600
14 4300
14 4900
15 2300
15 2300
14 2200
14 4300
14 2300
15 2200
15 4100
14 5100
14 2400
14 2000
14 2100
14 2000
14 8100
14 2500
15 2400
15 2300
14 4400
14 2000
14 2000
15 4100
15 5300
14 3100
14 32000
14 2400
15 4500
15 2200
14 2100
14 2200
14 2400
15 5100
15 5100
14 2200
14 2400
14 4200
15 2300
15 2000
14 2100
14 5200
14 3100
15 3100
15 2500
14 2300
14 2400
14 2100
15 2500
15 2300
14 4000
14 2200
14 3000
14 2800
14 5000
14 2800
14 2900
15 2900
15 5000
14 3000
14 2800
14 2800
15 3000
15 4400
14 2300
14 2800
14 3700
15 6300
15 3200
14 2800
14 3100
14 5300
15 2800
15 2200
14 2000
14 2000
14 4000
15 2100
15 2300
14 2900
14 4700
14 2400
15 2000
15 2100
14 4200
14 2200
14 2300
15 2000
15 2000
14 2200
14 2000
14 2200
14 2100
14 4300
14 2300
14 2400
15 2200
15 4200
14 2400
14 2200
14 2200
15 3900
15 3100
14 2600
14 2200
14 2300
15 4300
15 2300
14 2300
14 2000
14 5000
15 3100
15 2800
14 2300
14 5000
14 2400
15 2100
15 2000
14 2100
14 4000
14 2200
15 2200
15 2300
14 4000
14 2200
14 2100
15 2300
15 4000
14 2700
14 3000
14 3500
14 4800
14 3200
14 3000
14 3000
15 3100
15 5500
14 3100
14 2800
14 2900
15 5000
15 3500
14 2900
14 3100
14 3100
15 2600
15 3200
14 3200
14 2700
14 5400
15 2500
15 2300
14 2200
14 4900
14 2400
15 2300
15 2200
14 4100
14 2500
14 2300
15 2100
15 2200
14 4200
14 2400
14 2200
15 2100
15 4200
14 3000
14 2400
14 3100
14 4500
14 2500
14 2400
14 2200
15 2200
15 2200
14 2100
14 2000
14 2100
15 4100
15 2700
14 2300
14 2200
14 4500
15 2300
15 2200
14 2300
14 2400
14 2400
15 2200
15 2200
14 2100
14 4500
14 2200
15 3200
15 2400
14 4300
14 2300
14 2300
15 2200
15 5800
14 2600
14 2300
14 2200
15 2300
15 8600
14 2400
14 2200
14 4700
14 5200
14 2800
14 2400
14 2300
15 6300
15 2500
14 2600
14 23700
14 5600
15 2800
15 2400
14 2600
14 2300
14 4600
15 3000
15 2900
14 3100
14 5300
14 3200
15 3000
15 2900
14 5200
14 2500
14 3000
15 2700
15 3100
14 3200
14 2500
14 3000
15 5200
15 4400
14 2600
14 2500
14 2900
15 5100
15 2700
14 2800
14 2400
14 3000
14 3400
14 3300
14 3300
14 3200
15 5200
15 3700
14 3300
14 3000
14 5700
15 2200
15 3300
14 2400
14 4200
14 2200
15 2200
15 2100
14 2100
14 5500
14 2200
15 2100
15 2200
14 3900
14 2300
14 2100
15 4100
15 4700
14 2300
14 2100
14 2300
15 2200
15 2200
14 27300
14 3500
14 4800
15 2300
15 2200
14 2300
14 2700
14 5100
14 3000
14 2800
14 2300
14 11200
15 2900
15 3700
14 2600
14 4900
14 2400
15 2200
15 3000
14 5200
14 2600
14 2300
15 2000
15 2300
14 4100
14 2300
14 2100
15 2100
15 4000
14 2400
14 2300
14 2200
15 5000
15 2800
14 2500
14 2400
14 2400
15 7600
15 3200
14 3000
14 3000
14 6900
15 3100
15 4000
14 3300
14 6800
14 3500
14 3100
14 2500
14 3600
14 3700
15 3700
15 2700
14 2200
14 4100
14 2000
15 2200
15 2100
14 3800
14 2200
14 2100
15 2200
15 3900
14 2100
14 2200
14 2100
15 2300
15 3800
14 2200
14 2200
14 2100
15 4400
15 3200
14 2400
14 2200
14 6200
15 2600
15 2400
14 2300
14 2300
14 8300
15 2300
15 2400
14 2100
14 4200
14 2200
14 2300
14 2400
14 4200
14 2300
15 2200
15 2500
14 3000
14 3200
14 2500
15 2300
15 2300
14 4200
14 2300
14 2300
15 2200
15 6100
14 2400
14 2200
14 2300
15 2200
15 3200
14 3700
14 3400
14 3300
15 5500
15 3200
14 3100
14 3100
14 7200
15 2900
15 2400
14 2800
14 5200
14 2600
15 2900
15 2800
14 3100
14 5000
14 2900
14 3000
14 3200
14 4400
14 2400
15 43100
15 3000
14 4600
14 2400
14 2300
15 2200
15 4300
14 2400
14 2300
14 2200
15 2200
15 4300
14 2400
14 2300
14 2200
15 4500
15 3300
14 3100
14 2300
14 6100
15 2300
15 2200
14 2200
14 2400
14 2300
15 2300
15 2300
14 2300
14 4300
14 3100
15 3200
15 2500
14 4600
14 2400
14 2900
14 2700
14 4500
14 2300
14 3000
15 3000
15 3100
14 5300
14 3900
14 2900
15 2700
15 5600
14 3200
14 2800
14 2900
15 5300
15 2700
14 3500
14 2400
14 3000
15 7000
15 2300
14 2200
14 2300
14 4500
15 2300
15 2000
14 2100
14 4700
14 2400
15 2200
15 2400
14 2500
14 2400
14 2200
15 2300
15 2400
14 4300
14 2200
14 2300
14 2300
14 4300
14 3100
14 3100
15 2700
15 2100
14 2800
14 2400
14 2200
15 2200
15 4400
14 2400
14 2300
14 2300
15 4000
15 2600
14 2300
14 2200
14 4400
15 3300
15 2600
14 2400
14 2300
14 4100
15 2200
15 5600
14 3300
14 5400
14 3100
15 3000
15 2800
14 4900
14 3800
14 3200
15 2800
15 3100
14 3300
14 3100
14 4700
14 2300
14 6100
14 3300
14 2400
15 2100
15 7400
14 2700
14 2400
14 2300
15 4300
15 2300
14 2300
14 2200
14 4200
15 3600
15 2300
14 2300
14 4200
14 2300
15 2100
15 2100
14 2100
14 5000
14 3100
15 3600
15 5100
14 4400
14 2700
14 2300
15 2300
15 4100
14 2000
14 2200
14 2400
15 2200
15 2400
14 2900
14 3200
14 2500
14 4700
14 2400
14 2200
14 2300
