49 8200
51 3400
53 4500
43 9000
49 3100
55 14100
45 3800
41 3800
43 7300
41 3800
43 3500
49 6100
47 17100
49 1000
47 1200
51 900
49 800
47 800
49 800
51 1100
41 1400
41 1600
49 1400
37 1000
49 1500
47 1500
45 1200
53 1700
51 4100
45 1500
51 1200
43 1200
45 1100
41 1400
49 1200
49 1200
51 1200
51 1200
41 1200
51 1100
53 1300
53 1600
43 1300
31 800
53 1200
47 1000
47 1200
49 1500
31 800
49 1600
45 2200
49 1300
41 1000
35 900
41 1100
47 1100
35 1000
47 1100
53 1300
45 1100
51 1200
47 1100
47 1100
49 1100
49 1300
51 1200
41 900
51 1100
49 1500
49 1100
49 1400
43 900
49 2500
51 1300
45 1100
45 1100
51 1600
45 1100
53 1100
49 1300
49 1000
47 1200
49 1000
51 1100
47 1300
45 1200
51 1200
47 1100
41 1000
49 1200
45 1100
47 1300
37 800
51 2400
49 1100
55 1500
45 1100
41 1000
47 1500
55 1200
39 1000
51 1200
47 1000
43 1200
45 1500
41 1000
45 1100
49 1100
47 1100
43 1300
35 800
51 1200
49 1600
33 900
49 1100
53 1300
43 2000
47 1200
53 1200
45 1200
41 1000
53 1500
45 1100
53 1400
41 1000
49 1100
47 1100
45 1000
49 1100
49 1000
45 1300
51 1200
49 1200
39 900
53 1200
55 1500
51 1400
51 2300
37 800
51 1300
53 1400
43 1100
51 1200
47 1000
51 1500
43 1200
49 1200
53 1200
51 1200
45 1100
49 1100
49 1300
47 1000
43 1000
47 1300
49 1100
49 1100
51 1300
45 1100
49 2600
33 900
45 1000
45 1000
51 1500
51 1300
43 1100
31 800
47 1100
45 1100
51 1300
45 1100
51 1100
51 1100
51 1400
55 1300
47 1000
41 1300
45 1200
47 1200
45 1100
47 1400
41 2200
49 1300
35 800
51 1200
49 1300
45 1000
43 1000
49 1200
49 1200
51 1100
51 1600
47 1100
45 1100
51 1200
47 900
43 900
49 1100
43 1000
47 1100
47 1300
41 800
49 1500
47 4400
43 900
47 1100
37 900
43 1500
51 1500
45 1100
47 1200
51 1500
53 2200
45 1100
37 900
49 1200
53 1400
51 1000
51 1300
43 1000
51 1100
49 1000
47 1100
47 1200
47 1300
43 2700
23 800
51 1300
49 1100
49 1100
47 1000
49 1200
39 1100
51 1200
43 1400
45 5200
51 1100
45 1300
51 1100
53 1200
49 1200
51 1500
53 1500
43 1600
41 1000
35 800
49 1200
29 2300
43 900
45 1400
49 1300
47 1100
45 1000
41 1000
47 1100
47 1200
53 1100
49 1300
45 1100
49 1300
47 1000
51 1300
47 1100
55 1100
49 1200
51 1200
47 1200
39 900
43 1000
45 3100
49 5700
35 700
45 1000
45 1100
39 800
47 1100
51 1300
45 1200
53 1400
41 1100
47 1100
53 1400
47 1100
47 1200
43 1000
51 1200
45 1100
49 1300
47 1300
35 800
47 1000
41 2700
51 1300
49 1000
51 1200
51 1300
51 1500
39 1000
47 1000
47 1100
45 1100
53 1500
49 1400
25 900
47 1000
49 1300
43 1000
53 1200
49 1000
41 1000
49 1300
51 1200
47 1000
39 2800
45 1000
53 1500
51 1400
45 1200
45 1200
47 1000
55 1700
33 800
49 1100
49 1300
53 1200
45 1100
49 1100
49 1500
47 1500
35 900
49 1100
49 1100
49 1600
47 1000
51 1500
53 3400
39 1200
55 1200
47 1000
53 1400
41 900
49 1600
45 1300
37 1000
53 1200
47 1100
51 1000
47 1100
49 1200
49 1100
51 1100
47 1000
47 1400
51 1300
53 1300
49 1100
47 2700
45 1500
51 1200
45 1000
41 1000
39 1000
45 1400
49 1300
43 1000
49 1400
45 1200
51 1100
53 1000
41 900
53 1600
47 1200
47 1500
47 1000
47 1400
51 1200
49 1300
53 1500
41 3100
53 1700
45 1200
51 1000
39 800
55 1200
47 1000
29 500
43 800
47 900
51 1100
47 1700
41 1300
51 1300
45 1200
49 1700
43 1500
53 1500
43 1300
47 1300
53 1900
45 1300
45 3000
45 1600
47 1300
41 800
51 1100
53 1000
51 1100
49 1400
41 1000
35 800
53 1100
41 1000
45 1000
47 1000
29 700
49 1500
55 1500
45 1000
55 1200
39 1300
47 1000
49 1300
43 2600
45 1000
51 1300
51 1200
45 1000
43 1200
53 1300
41 800
39 700
29 600
41 1000
45 1100
43 1200
39 1100
31 900
51 1100
45 900
49 1000
43 1000
45 1000
33 700
43 800
45 900
25 500
53 2600
47 1100
49 1900
45 1400
45 900
51 1200
51 1000
49 1600
47 1100
37 1000
47 1400
45 1000
53 1300
49 1100
49 1100
47 1200
49 1200
37 800
41 900
35 1000
51 1200
49 1200
51 2000
45 1100
39 500
49 700
43 700
53 800
55 700
53 700
49 600
55 800
51 600
53 1100
47 700
45 600
47 600
47 800
53 700
47 900
51 700
49 600
43 600
45 1200
51 800
49 600
33 400
41 500
49 500
51 700
43 500
45 600
53 700
49 600
37 400
45 600
43 500
49 800
45 500
41 600
53 700
51 700
51 700
43 600
51 800
43 800
39 1400
49 700
43 700
51 700
49 600
41 500
43 500
51 800
45 500
51 700
39 500
43 500
51 700
49 700
47 700
51 700
43 500
39 600
49 500
41 800
47 700
53 800
51 1700
47 700
43 600
51 700
43 500
51 800
45 700
51 700
45 600
39 600
49 600
43 500
47 600
47 700
41 900
45 900
55 700
47 600
47 500
53 700
49 600
43 500
47 1100
51 1000
43 600
37 400
49 2200
41 700
51 1000
53 700
37 500
49 1000
37 800
49 600
49 600
55 1300
43 600
51 1000
51 600
53 1000
51 500
49 700
43 500
49 1200
49 600
45 4800
49 1100
49 1200
39 700
51 800
41 900
53 700
37 700
49 700
43 500
51 600
49 1300
47 900
47 700
53 1000
43 1000
33 600
51 800
39 800
47 600
51 600
49 1700
45 600
51 500
49 800
47 900
41 600
53 700
51 600
41 500
47 600
49 700
53 700
49 500
47 500
31 400
43 500
49 800
43 1000
41 1400
43 700
45 700
51 800
47 2200
49 1300
33 700
45 800
37 700
43 700
39 600
49 600
49 700
37 500
47 600
51 800
47 600
51 700
53 800
45 800
47 1300
53 1300
49 1000
47 1000
51 1500
41 900
53 4600
47 800
53 1300
53 1100
47 700
53 1000
51 1500
51 1200
45 900
45 800
51 1100
49 1100
43 900
47 1500
49 1000
49 1200
43 1000
41 800
51 1400
47 900
53 1000
47 2600
49 1200
47 1300
45 1100
45 1000
43 900
43 900
41 1000
41 1000
51 1200
43 900
51 1400
49 1100
45 5600
49 1200
49 1100
45 800
47 1000
47 1000
39 800
51 1000
39 800
51 2200
33 700
51 1200
43 900
47 1000
49 900
45 900
47 900
49 900
45 1000
41 900
45 1000
51 1000
53 1100
47 1000
49 900
47 1100
51 1000
47 800
51 1000
51 1100
47 1100
43 2100
51 1500
45 1000
51 1600
43 1300
45 900
37 900
51 1000
51 1200
53 1500
41 700
47 900
47 900
49 1200
49 1300
39 800
43 900
43 900
49 1200
51 1200
37 1000
49 1600
53 2700
49 1000
43 1000
45 1100
37 800
49 1400
45 900
47 1500
43 900
51 1000
49 1900
27 600
51 900
49 700
49 700
41 500
41 600
37 500
39 500
47 600
47 600
49 600
47 600
43 1000
37 500
41 500
51 700
39 600
37 400
51 600
43 600
49 600
39 500
49 700
45 500
47 900
41 500
49 1000
43 1100
51 1300
51 1300
51 1600
49 1100
47 900
43 600
47 700
43 1800
49 700
47 700
45 600
51 700
45 600
49 500
43 500
47 600
49 600
39 600
49 600
39 400
41 500
47 500
51 700
45 500
35 400
49 600
43 500
41 400
49 500
47 1100
47 600
49 700
51 600
51 800
45 1100
45 1100
47 1400
33 800
47 1200
49 900
49 1000
51 1100
25 600
49 1000
45 900
45 800
45 900
51 1000
49 900
53 900
53 900
51 2800
51 1100
33 500
47 800
45 1300
51 1200
47 800
39 800
49 1000
41 500
47 700
31 400
45 700
51 800
41 400
37 500
47 600
27 500
27 300
49 600
49 600
53 600
47 600
47 500
43 1900
49 600
49 600
45 400
43 800
53 800
41 600
51 900
51 600
51 500
41 400
53 700
43 500
47 600
47 500
47 500
53 600
37 500
45 500
47 500
53 600
41 500
51 1100
47 500
49 400
47 600
49 800
49 900
49 500
47 600
49 700
39 500
37 500
49 500
45 700
53 700
31 300
51 600
47 600
45 500
47 600
43 500
45 600
39 600
49 1100
47 500
43 500
45 800
49 1000
45 1100
45 1300
43 900
55 1300
53 1400
49 1600
47 900
51 800
43 1100
49 1100
43 1100
53 900
53 800
47 800
49 600
55 700
47 2900
51 900
45 600
45 500
49 700
47 600
47 500
43 400
51 700
55 1000
51 700
51 600
39 700
43 1000
47 800
51 700
51 1000
49 700
51 800
43 500
41 500
47 500
43 1200
49 900
45 500
43 500
47 600
45 700
45 600
49 500
41 400
49 600
27 400
51 600
49 600
35 300
41 500
53 600
51 600
49 600
49 600
45 500
53 600
49 700
45 1400
39 500
37 400
49 500
49 500
47 500
51 600
49 700
51 700
51 900
43 600
49 600
41 500
43 500
43 500
51 600
47 600
53 2400
37 700
49 600
43 800
53 600
37 1600
51 700
51 700
41 500
47 600
53 800
47 800
51 500
49 1000
53 1200
53 900
47 800
41 600
47 500
53 700
49 600
51 800
51 600
47 800
45 600
45 500
51 1200
49 600
41 400
43 400
53 600
53 900
41 900
43 17300
49 800
51 1000
53 1100
39 700
47 900
43 900
49 900
47 700
49 800
51 1000
47 1100
45 800
55 1000
49 1000
41 2500
47 800
43 600
25 400
53 1300
45 900
45 1000
29 600
49 1000
53 1100
45 1100
49 1200
47 1000
47 900
43 1100
39 800
43 700
45 800
33 700
47 800
45 900
45 700
43 900
49 2000
47 700
41 700
37 500
47 800
43 700
43 1100
45 700
45 1000
41 1000
47 1000
47 1000
53 700
45 800
49 1100
39 700
51 1100
41 600
55 800
47 1000
49 900
47 1200
45 1000
53 2100
47 1300
51 1400
47 1100
53 1600
43 900
51 1100
53 1200
45 1000
51 1800
47 1100
49 1200
49 1600
49 1100
37 900
45 1200
45 1100
47 1100
47 1100
47 1100
49 1100
41 2300
53 1200
55 1300
47 1100
49 1100
51 1400
53 1200
45 1400
49 1100
45 1100
47 1000
55 1200
51 1200
51 1100
47 1000
47 1000
35 700
49 1100
45 1000
39 900
47 1200
45 1000
49 2000
51 1000
51 1100
47 1000
47 1300
39 700
47 1200
47 1100
47 1000
39 900
49 1200
45 1000
51 1200
43 900
49 1000
43 1200
41 900
31 800
49 1100
43 1000
49 1100
47 900
49 1500
43 1000
53 1200
49 1000
49 1200
45 1000
51 1100
47 1100
49 1100
53 1200
47 1300
47 1100
43 20200
51 900
47 700
41 700
43 800
47 900
45 1100
49 800
49 1000
37 800
37 700
47 900
37 700
47 900
47 800
53 900
45 800
47 800
47 900
53 900
45 1100
47 900
53 1000
53 1000
45 900
51 900
51 900
41 600
39 900
43 700
49 800
47 800
53 800
51 900
41 800
49 800
49 700
43 1000
43 900
47 800
41 800
49 800
43 700
45 700
45 800
49 800
53 800
51 700
49 800
41 700
41 700
33 900
47 600
47 800
45 700
53 800
41 600
47 700
49 1100
35 600
47 800
47 700
51 700
47 800
51 800
53 800
49 800
49 800
49 700
53 700
41 600
49 700
49 700
49 800
45 700
53 800
33 500
47 700
39 1000
49 800
35 800
49 800
49 800
51 800
51 800
49 800
45 700
45 700
49 800
39 1300
53 1500
49 800
51 800
49 1000
51 900
41 700
43 700
33 500
43 600
53 1000
41 700
39 700
45 900
39 800
51 900
43 700
43 700
53 700
49 800
47 1000
43 700
55 900
47 900
51 800
43 700
47 700
53 700
47 700
51 800
49 600
43 700
43 800
41 700
45 700
51 1100
43 700
51 800
45 700
45 600
41 700
47 600
49 800
39 600
49 700
47 700
45 700
47 700
37 700
51 700
53 800
49 900
47 700
47 700
45 600
49 700
47 600
43 700
55 900
51 800
49 700
31 600
51 600
51 1100
45 700
45 700
47 800
37 600
41 700
45 700
45 700
49 800
49 900
53 700
49 1100
43 700
41 600
51 1000
45 700
51 700
47 700
47 700
51 700
47 900
49 900
43 600
39 600
49 700
53 800
49 700
47 700
41 700
47 700
45 600
51 900
55 800
49 700
51 700
43 600
45 500
43 700
43 600
47 600
47 700
49 700
43 700
47 600
37 600
49 800
39 500
47 600
51 700
53 800
47 1000
39 600
47 600
33 500
41 600
43 500
49 700
41 600
45 600
49 700
53 800
47 700
49 700
43 600
49 500
51 800
43 600
43 700
49 600
51 900
49 600
49 600
47 700
33 700
49 700
51 700
45 600
47 800
47 700
51 700
51 800
45 700
43 700
53 700
49 700
43 600
49 800
49 800
55 700
51 800
45 700
49 700
53 800
43 600
49 800
47 900
53 800
41 600
51 600
49 1000
43 600
49 700
35 500
51 700
53 700
53 700
47 600
35 600
51 700
51 800
51 700
45 700
43 600
47 700
39 500
41 600
47 700
49 700
47 700
41 600
51 700
37 500
39 600
53 600
53 600
53 800
47 700
45 700
43 500
51 600
53 800
35 600
43 900
53 700
47 800
45 600
51 700
47 700
47 700
43 500
31 500
49 900
53 800
49 700
55 800
37 500
49 800
29 400
45 600
49 800
39 600
37 600
47 800
45 600
55 900
45 600
51 700
53 700
53 800
47 500
43 700
47 700
41 700
27 600
51 700
43 600
49 700
51 700
39 600
39 600
51 700
47 700
45 900
45 800
47 700
47 700
45 600
45 600
51 1000
47 700
35 500
53 700
43 600
31 600
51 800
53 1100
51 800
43 600
51 700
49 1000
53 700
51 600
43 700
43 700
47 700
51 700
49 700
53 800
49 600
39 700
49 700
45 600
45 700
49 700
47 600
39 600
39 600
41 500
51 800
47 800
35 600
39 600
47 700
43 600
39 500
37 500
41 600
47 600
49 600
35 700
51 800
47 600
49 600
47 600
51 800
43 600
49 900
43 600
49 700
55 800
45 600
51 700
47 600
47 700
55 1000
47 600
49 700
47 600
49 600
37 700
47 800
53 800
33 500
41 500
53 900
51 800
49 700
31 500
51 1100
37 800
51 700
47 600
49 700
47 600
39 600
43 600
43 500
55 900
47 800
51 600
49 700
37 500
47 600
39 600
53 1200
39 500
51 800
45 700
45 700
51 700
43 600
49 800
41 500
37 500
49 800
49 700
43 700
49 700
49 700
51 600
47 600
45 600
51 700
39 600
49 700
51 900
49 800
51 600
51 800
49 600
45 600
49 700
43 700
35 500
43 700
41 600
47 700
49 600
41 500
45 1100
45 1000
47 1100
49 600
51 1000
37 600
53 800
37 700
51 700
53 800
51 700
41 700
53 700
41 600
45 700
47 600
51 800
53 700
53 700
53 800
53 700
45 900
49 1000
39 900
45 600
45 1000
53 700
47 600
45 600
39 700
49 700
49 800
43 1000
45 1000
55 900
47 700
43 800
51 700
49 700
43 700
53 1000
51 700
45 600
51 1000
51 1100
47 700
51 700
47 600
51 600
45 400
47 300
45 300
43 400
37 300
45 300
51 400
27 200
51 400
49 400
45 400
43 400
47 400
47 300
49 400
47 400
43 400
49 400
53 400
45 300
49 400
51 400
49 300
47 300
51 400
45 300
47 300
45 300
49 400
45 300
51 500
49 300
51 400
47 600
39 300
51 800
43 300
49 400
53 400
51 600
39 300
51 300
45 400
47 400
47 400
41 500
47 500
41 400
49 300
49 500
47 400
49 400
39 200
43 300
47 400
49 400
35 300
53 400
49 400
51 300
51 400
41 300
47 300
47 400
53 400
51 400
39 300
45 300
51 400
45 300
45 300
49 300
43 200
45 400
45 200
39 300
49 300
41 300
45 700
43 300
45 300
35 200
51 300
35 200
53 400
45 400
37 300
43 200
53 300
55 500
49 400
47 300
49 400
43 400
39 300
43 300
53 500
47 300
51 400
53 700
45 400
49 400
45 400
53 300
45 400
49 400
43 700
47 300
45 300
51 300
47 400
43 400
49 300
45 300
41 400
53 800
47 600
51 600
43 700
47 600
41 600
49 700
47 500
47 700
49 900
51 700
47 600
51 700
49 800
41 600
49 700
51 700
47 700
47 700
51 800
37 500
49 800
53 700
47 1000
49 700
51 700
53 700
41 600
51 700
49 600
45 600
43 700
43 700
49 700
55 800
55 1000
49 700
51 700
51 700
53 700
45 1000
37 600
45 700
45 600
51 900
53 700
37 600
49 700
49 700
49 700
41 600
51 600
51 800
43 600
47 800
45 700
51 700
41 600
49 700
43 600
53 700
45 500
51 700
45 500
45 600
51 700
53 800
43 700
53 900
53 800
45 600
43 600
47 600
51 800
51 700
51 700
45 600
53 700
49 700
49 700
41 500
51 700
49 700
53 700
51 700
51 700
31 500
37 600
51 700
45 600
45 700
49 700
39 500
47 600
39 600
47 700
37 500
47 600
47 600
51 700
35 500
49 700
53 800
45 700
49 700
43 500
45 800
53 1200
49 600
45 600
39 600
39 500
49 700
45 700
53 700
49 700
53 700
45 700
53 800
49 900
51 700
51 700
47 400
33 300
45 300
51 400
47 300
53 400
49 400
49 500
47 300
47 400
41 300
43 300
41 300
33 200
43 300
47 300
53 400
45 400
45 700
49 700
47 1000
41 600
41 300
53 400
43 200
43 200
51 400
43 300
47 400
51 300
45 600
51 400
43 300
51 400
53 400
49 400
47 300
53 500
51 700
53 700
39 500
39 300
47 400
47 300
45 400
45 300
49 400
53 400
45 300
49 300
49 400
49 500
53 500
49 400
47 300
49 300
53 700
49 600
41 600
53 600
49 400
37 200
51 300
47 400
49 300
51 300
45 300
45 700
53 400
45 300
49 400
41 700
47 500
41 500
47 700
43 600
47 400
51 700
41 300
49 300
49 300
47 400
55 400
53 300
35 200
41 300
51 300
53 300
41 300
45 500
29 300
47 300
45 300
43 700
49 900
43 500
45 400
49 400
49 300
47 300
45 200
47 300
49 600
45 800
47 600
35 400
47 400
45 300
49 400
49 300
39 300
43 300
49 700
49 400
47 200
51 400
43 300
49 300
51 400
49 400
47 300
47 300
49 300
45 600
47 600
45 800
43 700
47 300
39 400
39 200
45 300
49 400
49 500
45 300
37 500
45 300
49 300
41 200
43 300
49 300
47 300
41 400
43 200
51 400
49 400
45 300
45 200
49 300
47 400
45 300
47 400
51 300
55 400
49 300
49 300
45 200
43 300
45 300
45 300
51 400
43 300
45 300
47 300
43 300
47 300
39 300
43 300
45 300
47 300
39 300
51 300
49 600
37 200
51 500
49 400
41 300
51 200
39 200
39 300
45 300
41 300
49 500
49 500
41 200
37 300
41 300
51 400
51 500
49 700
51 600
49 700
39 400
55 500
49 400
51 400
43 300
51 400
37 200
41 300
51 300
47 400
47 300
49 300
51 800
47 500
55 700
41 500
47 500
51 400
41 200
49 600
45 300
45 300
49 300
49 400
55 400
41 200
47 400
51 400
49 700
45 700
51 900
53 500
49 300
41 300
47 600
41 500
43 600
49 600
47 500
49 400
47 400
43 500
47 700
47 700
51 700
39 400
47 300
51 300
51 400
51 400
47 300
51 400
51 1000
45 800
49 1000
51 900
49 600
49 400
45 400
45 400
49 500
43 400
37 300
39 400
51 500
45 400
29 200
53 400
41 300
43 600
49 500
53 500
49 500
53 700
45 300
47 400
39 300
39 400
51 300
51 500
55 400
51 500
47 400
41 300
43 300
43 300
49 400
47 300
47 300
53 500
49 400
53 400
51 400
47 400
43 300
35 300
49 400
45 400
47 400
47 400
41 200
51 500
39 300
49 400
41 300
51 700
45 400
43 400
51 400
53 400
49 500
37 300
51 400
45 300
39 200
49 300
49 500
37 200
45 300
53 400
47 600
43 700
43 700
41 700
35 200
39 300
41 200
49 500
51 1000
47 700
53 800
47 800
37 600
47 500
47 400
49 300
53 400
49 400
53 400
37 300
47 300
47 400
45 300
43 300
49 400
51 300
43 600
27 200
47 300
41 400
43 400
43 300
53 500
41 200
45 400
51 500
51 400
47 300
47 600
45 400
53 400
49 300
49 400
55 700
53 300
49 300
43 300
53 400
51 500
51 300
33 300
47 300
49 300
45 300
45 400
47 300
43 300
49 500
51 300
49 300
49 400
51 700
41 300
35 200
35 200
53 400
49 200
37 300
45 700
49 400
47 400
47 200
45 200
53 400
51 300
35 300
49 300
45 300
49 300
53 400
53 600
45 300
31 200
53 400
45 300
45 300
43 200
47 300
47 300
51 400
51 500
51 400
45 300
45 300
39 200
45 300
47 400
45 300
45 300
43 300
45 500
51 400
43 300
45 200
43 300
41 300
47 300
41 200
47 300
45 300
51 300
51 300
45 300
43 300
43 300
49 400
53 300
49 300
49 200
47 400
51 400
51 300
53 300
51 400
43 300
49 500
33 300
43 400
47 300
45 300
47 400
49 500
45 300
33 100
33 300
55 400
51 400
45 300
45 300
53 400
43 300
47 300
47 300
41 300
45 300
35 300
41 200
45 300
53 500
45 300
43 300
49 300
47 300
51 400
37 200
47 400
51 400
41 300
49 300
47 300
55 400
49 300
51 300
53 400
47 300
51 300
37 300
47 300
53 600
53 500
51 500
41 300
25 200
47 300
35 300
45 300
47 400
45 300
43 200
41 600
53 400
53 500
47 300
49 300
45 300
43 300
51 300
43 700
45 300
51 300
47 300
37 200
55 400
45 300
49 400
47 300
39 300
53 300
47 300
47 300
43 300
37 300
53 400
49 300
51 500
53 700
39 300
47 400
43 400
49 300
49 400
47 200
37 300
49 300
45 200
51 300
47 300
45 400
39 200
27 200
47 400
39 200
37 200
51 600
39 200
47 300
39 300
49 300
43 300
51 300
47 300
47 300
53 400
51 600
43 800
51 500
49 300
43 300
41 300
41 300
51 300
47 200
55 400
53 400
47 200
49 400
49 400
49 700
53 500
53 400
51 300
51 400
45 300
53 300
35 200
49 500
51 500
51 400
55 400
51 300
45 300
45 300
35 300
49 300
51 300
43 200
43 300
43 300
45 300
51 300
49 300
51 500
47 300
49 300
49 300
51 400
47 300
43 300
45 300
45 300
49 300
47 300
45 300
51 300
49 400
53 400
53 300
51 400
47 300
49 300
49 300
41 300
49 500
45 200
49 400
39 200
53 400
53 400
39 200
37 200
39 300
43 300
43 300
49 400
51 300
31 500
53 400
49 400
35 200
45 400
53 400
49 400
49 300
47 300
53 300
49 300
45 300
51 400
53 400
51 400
49 300
51 300
47 300
51 700
51 800
47 300
51 300
49 400
35 300
53 300
47 300
49 300
37 200
49 500
45 400
53 400
47 500
43 300
37 200
45 300
53 400
47 400
49 300
51 400
45 300
47 300
55 400
45 200
37 300
51 300
45 200
49 300
43 300
49 300
47 300
47 400
49 400
45 300
49 300
49 300
49 500
43 300
45 300
55 500
53 400
53 300
41 500
51 300
47 300
49 300
43 300
51 300
47 300
37 300
29 100
53 300
51 400
47 400
47 600
47 300
45 300
43 400
47 400
45 300
53 400
47 400
33 200
43 200
49 300
35 100
45 200
49 400
45 300
55 400
47 300
49 300
43 200
49 300
49 400
55 400
41 200
49 300
51 300
53 500
47 300
51 300
41 300
49 300
47 300
47 300
51 300
51 300
51 300
47 300
49 400
45 300
29 300
33 300
41 200
29 200
47 300
49 300
41 300
51 600
47 300
47 400
45 300
45 300
47 300
51 400
51 400
47 300
41 200
53 300
49 300
45 600
41 1200
51 600
45 600
47 500
43 400
45 800
45 800
49 500
53 600
47 400
51 700
47 700
45 700
51 800
49 700
31 700
51 1000
51 600
47 800
55 800
49 800
53 900
47 800
49 600
49 600
53 700
45 800
47 500
51 1100
49 700
49 800
49 600
41 400
53 600
49 300
51 900
45 700
53 1100
49 1000
45 800
47 900
53 700
47 800
45 700
33 600
49 700
41 800
47 700
41 600
47 800
45 700
47 700
47 600
41 400
33 800
37 700
45 700
51 900
49 3300
51 900
49 1000
43 900
49 2100
51 900
47 600
47 600
51 900
47 400
49 700
43 800
47 500
47 500
45 400
49 600
43 400
49 500
41 400
51 400
45 1000
51 600
39 600
51 1600
45 500
47 600
47 600
49 500
49 600
39 800
51 600
45 1200
49 1400
47 700
51 500
39 300
47 300
53 400
47 300
51 400
47 400
51 400
49 400
49 400
37 300
51 300
49 300
49 300
37 300
51 300
39 300
53 400
49 300
49 400
47 400
51 300
47 300
53 400
51 300
47 300
49 700
43 1200
49 900
45 800
37 800
51 700
47 700
45 800
49 700
39 400
43 400
53 1000
45 1100
45 900
45 600
47 700
45 800
43 700
39 600
53 1000
39 1000
47 1100
41 900
47 500
49 900
47 400
45 800
49 1000
49 600
49 900
53 600
51 900
49 1200
49 1300
47 500
47 800
37 900
51 900
45 600
47 800
45 600
51 700
53 700
43 1100
37 900
41 600
43 800
43 700
47 1100
49 700
35 700
47 1000
49 1000
45 700
41 700
45 800
53 1000
53 1000
39 400
45 800
51 500
43 500
43 400
51 400
51 400
51 300
49 300
47 600
41 300
45 300
53 400
45 300
45 500
49 300
45 300
51 700
49 400
47 400
49 400
45 400
53 500
53 400
31 200
51 400
49 300
49 400
43 400
51 400
45 400
49 400
43 200
43 300
53 400
47 300
49 400
51 300
51 400
41 300
41 600
43 700
39 300
51 500
51 400
49 400
49 400
39 300
51 400
51 300
47 300
45 500
47 400
41 1000
55 1000
45 500
51 600
45 400
43 900
47 2300
53 700
51 400
51 400
43 300
53 400
51 600
43 800
49 1000
47 400
49 400
45 300
51 400
51 300
47 400
47 300
45 200
49 300
53 400
53 500
41 300
43 300
51 500
51 400
53 400
51 300
51 300
45 600
47 600
35 500
51 900
49 500
53 500
45 300
51 500
51 400
45 300
41 300
49 300
45 600
37 200
53 400
49 400
55 400
47 300
51 300
45 300
51 300
49 300
43 300
45 400
39 300
45 300
39 300
51 400
51 400
45 200
45 300
47 300
47 300
55 400
45 400
33 200
35 200
49 300
39 200
45 300
49 300
43 300
35 200
47 400
37 200
45 400
37 200
45 300
45 300
43 300
47 400
51 400
37 200
41 300
43 600
43 200
45 200
45 300
37 200
39 300
47 300
37 300
45 400
47 300
51 300
43 300
43 300
53 800
37 200
37 300
47 600
47 300
47 300
51 400
51 400
49 300
33 300
45 300
51 700
51 300
41 300
45 600
43 300
37 300
47 300
45 300
51 300
51 400
51 400
33 300
47 300
41 300
51 400
43 300
49 400
43 200
51 400
47 300
41 300
47 400
47 400
41 300
47 800
43 300
47 300
49 400
47 300
51 300
55 400
53 400
43 200
37 300
37 200
49 300
49 300
47 300
41 200
49 400
51 300
43 400
45 400
45 400
39 300
41 300
37 200
49 300
49 400
51 300
47 400
51 400
43 400
45 400
55 500
49 400
49 300
45 300
47 300
37 400
53 400
43 400
47 400
45 300
47 300
49 400
47 200
55 400
51 300
51 600
43 300
35 300
49 300
45 400
43 200
41 300
53 400
49 400
41 300
53 1000
49 500
39 200
49 300
45 500
51 500
51 400
41 300
43 300
51 400
53 400
47 300
47 300
47 200
49 300
51 300
49 300
53 400
45 200
47 400
47 300
45 200
49 300
49 300
51 300
51 400
47 300
39 300
47 400
43 400
45 300
51 400
35 200
35 200
45 300
43 300
47 300
47 300
45 300
31 200
47 300
45 300
53 500
47 600
51 400
49 300
53 600
45 300
45 300
47 300
41 200
49 300
47 300
47 300
41 300
39 300
45 200
41 200
51 400
35 200
47 300
45 400
47 300
53 300
43 400
31 100
37 300
45 300
49 300
47 400
53 400
43 400
51 400
43 300
45 300
51 400
53 400
51 300
49 300
53 300
49 300
47 200
41 200
55 400
51 300
45 300
45 300
39 300
47 200
47 300
39 300
51 300
47 300
45 300
39 200
55 300
51 300
49 300
47 300
53 500
43 200
51 300
47 400
49 700
49 300
43 300
45 300
47 200
49 300
43 300
53 300
47 200
53 400
47 300
47 300
53 400
49 300
47 300
49 300
51 400
47 300
45 400
49 300
53 400
45 300
39 200
37 300
49 300
39 200
51 700
45 300
51 400
51 300
49 300
41 300
43 400
45 400
39 300
53 400
41 200
47 300
55 400
53 300
43 300
51 300
47 300
41 200
45 700
49 300
49 400
45 300
37 300
51 300
49 700
49 400
45 300
47 300
51 300
45 300
51 300
49 200
53 400
45 300
49 300
53 400
43 300
45 300
45 300
47 200
53 300
39 300
49 400
43 200
53 300
49 400
45 300
45 300
43 300
41 300
49 400
47 300
37 300
37 200
53 400
37 300
41 200
53 300
49 300
45 200
47 300
53 300
45 200
47 300
47 300
51 300
43 300
39 200
51 400
51 300
39 200
47 300
33 300
49 200
41 400
45 400
49 300
51 400
39 200
41 300
39 300
39 300
45 400
35 200
45 200
53 400
39 300
51 400
51 400
37 200
31 200
35 200
39 300
49 300
45 200
51 300
47 400
49 300
49 900
51 300
45 300
45 300
49 300
49 300
41 300
43 200
47 300
45 300
49 300
49 300
51 600
51 300
39 200
47 300
49 400
51 300
49 300
47 600
51 300
53 300
43 200
51 300
51 300
51 300
51 600
43 300
47 300
51 300
55 400
51 400
43 300
47 300
47 200
51 500
53 300
45 300
51 300
45 300
51 300
51 400
51 300
33 200
55 400
51 300
47 300
43 300
31 200
43 200
47 400
49 400
47 300
43 300
49 500
43 200
47 300
41 200
33 200
53 300
39 200
55 400
41 300
43 200
51 400
47 300
35 200
49 300
49 300
49 400
45 400
47 300
53 300
55 400
49 300
49 200
47 300
47 200
47 300
39 200
43 500
47 400
49 400
51 300
47 300
51 400
47 300
47 300
51 500
47 300
45 300
37 300
49 200
47 300
45 200
47 600
51 400
53 400
47 300
49 300
51 300
49 300
45 300
47 300
51 400
51 600
53 700
51 600
45 600
49 600
47 400
49 600
51 600
51 800
45 600
43 500
51 500
53 600
47 600
45 700
45 500
45 600
41 400
51 300
51 400
43 300
45 300
53 400
49 400
49 400
37 200
53 400
47 200
43 400
47 300
47 600
37 200
47 300
47 700
47 600
37 12900
47 1100
45 900
45 700
43 700
47 700
47 1000
55 1100
49 1000
51 900
45 700
51 700
49 600
43 600
47 700
47 700
51 1000
55 800
53 700
33 500
47 700
49 800
47 700
51 700
45 600
43 500
51 800
37 500
49 800
53 700
47 700
49 700
45 700
45 600
47 1000
33 800
45 600
49 700
45 700
51 1100
43 600
43 1000
45 600
41 600
47 700
53 800
47 600
53 800
49 700
45 700
51 900
53 700
49 700
49 700
41 500
39 600
39 600
53 800
39 600
45 700
47 800
53 800
47 1000
47 700
51 700
53 800
53 800
43 800
53 700
51 700
45 700
55 1000
47 700
51 700
49 600
45 600
41 700
51 700
47 800
51 1000
51 700
49 700
43 700
49 700
49 500
45 500
49 1000
47 600
47 600
43 1000
49 700
39 600
45 600
47 800
49 700
47 700
51 600
47 600
43 600
49 900
51 700
49 700
49 700
49 700
49 1000
49 700
55 800
49 600
45 700
53 700
43 600
51 700
49 700
51 700
43 900
45 800
49 600
43 600
43 700
53 800
43 700
49 700
49 700
53 700
51 700
51 700
43 600
47 700
49 800
47 600
45 600
41 600
49 600
43 500
23 500
53 700
51 800
51 800
47 700
53 1000
51 800
43 800
45 700
47 600
49 700
43 700
41 600
45 600
51 700
47 800
49 800
47 600
47 700
51 1200
47 700
49 800
53 900
53 800
49 800
45 700
43 700
37 500
39 600
35 500
51 700
39 600
45 600
41 600
45 600
49 800
51 800
47 400
49 300
45 400
45 300
49 300
49 700
43 300
41 300
45 300
53 400
51 700
51 400
49 300
37 300
47 400
41 300
43 300
51 300
49 400
49 300
45 400
53 400
53 500
49 600
45 700
43 300
31 200
51 300
31 200
51 400
49 300
43 300
51 400
47 400
49 400
43 200
55 400
43 300
43 300
49 400
43 300
45 400
47 300
47 300
41 200
47 300
39 200
47 200
49 300
51 400
39 300
41 300
45 200
47 300
49 300
39 200
43 300
41 200
47 300
53 400
37 300
51 300
47 700
41 200
47 400
47 300
47 400
47 500
45 300
43 300
43 300
45 500
47 600
43 200
47 300
41 300
49 400
49 300
41 200
43 200
53 300
45 300
47 300
47 300
47 300
41 300
45 300
49 300
49 500
35 300
47 400
43 300
49 300
53 500
31 300
49 800
47 500
51 1700
41 1200
51 1000
41 700
47 900
43 800
47 900
45 900
55 1000
39 900
47 1000
53 900
45 1100
43 800
49 2500
39 500
45 600
49 500
49 400
51 500
51 400
51 800
51 400
51 500
47 400
47 400
53 500
55 400
39 300
47 300
43 300
41 300
39 300
45 400
51 500
53 400
49 400
43 300
53 400
51 300
51 300
47 300
43 700
43 500
43 300
43 200
45 400
51 500
49 400
49 400
49 400
49 300
51 400
39 300
47 900
45 400
39 500
47 400
49 400
55 500
47 300
47 300
45 300
49 300
43 300
51 300
51 400
47 300
51 400
53 400
53 700
53 500
51 400
37 300
51 600
51 300
49 400
45 300
43 300
45 200
49 400
49 400
49 400
53 300
51 400
47 300
51 300
47 300
43 200
51 400
47 400
49 300
33 300
45 300
49 300
31 300
45 400
45 600
37 300
47 300
37 200
49 400
33 300
45 300
37 200
51 400
45 300
41 300
51 300
49 300
51 600
45 200
49 400
51 300
45 200
43 300
45 300
47 400
27 200
35 200
47 400
49 300
51 400
51 300
49 300
47 300
39 300
47 300
47 300
47 300
55 300
41 500
49 300
49 400
49 300
41 200
45 300
45 300
49 300
41 300
47 300
41 200
53 400
45 300
55 400
49 300
39 300
51 400
53 300
53 700
43 300
43 200
47 400
51 400
41 400
41 200
51 400
43 200
47 200
49 400
43 300
51 400
51 400
45 200
51 300
53 400
49 300
45 300
53 300
45 600
45 200
49 300
51 300
51 300
47 300
45 300
43 500
47 300
51 400
49 400
55 300
49 300
35 300
51 700
53 400
51 400
51 400
37 200
43 200
39 200
35 200
49 300
51 300
47 300
33 200
47 700
47 400
51 400
47 300
45 1200
51 600
27 200
55 300
43 200
45 300
47 400
43 300
53 400
49 400
47 300
51 300
49 300
49 400
43 500
41 300
47 300
47 300
43 300
45 300
49 300
47 400
51 400
51 300
43 200
47 300
37 300
43 500
41 300
43 200
47 400
47 300
35 300
37 200
35 200
49 300
45 400
47 400
53 400
45 300
47 300
55 400
49 300
47 200
33 200
51 600
43 300
41 500
45 300
49 300
49 300
55 400
53 700
47 300
47 400
41 200
49 300
47 500
47 400
51 300
41 200
51 300
39 300
53 400
45 500
51 400
51 300
47 600
45 200
53 400
45 300
51 300
47 300
37 200
37 300
51 300
47 200
43 200
43 300
49 400
51 300
43 200
45 300
47 400
33 200
43 300
43 400
53 400
43 300
45 300
49 400
43 300
51 300
31 200
51 400
41 200
47 300
53 600
51 400
53 800
51 600
33 600
49 500
49 300
33 400
49 700
37 600
31 300
27 200
51 400
51 800
51 400
45 600
43 300
45 500
53 800
45 500
49 500
41 300
33 200
45 200
51 300
41 600
51 700
53 600
47 700
43 600
43 500
47 400
43 500
53 900
47 600
45 500
49 700
47 600
47 400
47 200
49 400
49 300
43 300
51 600
53 400
45 300
47 300
47 400
49 300
45 400
47 300
43 300
37 200
41 200
31 200
27 200
53 400
51 300
51 200
43 300
39 300
39 300
41 300
49 1700
51 800
55 700
51 1000
49 700
49 500
49 300
47 300
51 400
39 300
47 700
43 600
47 500
51 500
49 300
51 400
37 200
47 300
37 200
41 200
51 400
47 300
37 300
39 300
47 300
51 400
39 400
43 400
47 1000
51 1000
45 1000
51 800
51 800
49 600
43 700
47 800
45 400
39 300
45 400
35 200
43 600
51 700
51 400
47 500
51 400
39 300
47 400
45 600
37 600
45 300
45 300
53 400
45 600
55 700
49 700
53 800
51 400
49 400
49 300
51 600
47 700
49 400
53 400
47 400
53 700
45 700
49 500
35 200
43 200
51 300
47 400
43 500
49 700
49 700
49 500
45 400
47 500
51 700
45 500
39 300
51 300
45 300
47 400
47 300
45 200
47 400
47 500
51 700
49 500
49 400
39 300
39 1100
49 800
49 400
37 200
43 400
49 300
53 400
33 300
53 400
41 300
33 200
51 400
51 300
43 300
49 300
47 300
29 200
47 300
45 300
53 400
47 300
43 300
53 400
45 300
45 300
47 400
51 300
51 500
41 200
53 700
47 300
43 300
45 300
33 200
51 300
47 400
49 400
53 600
41 200
53 500
51 400
43 300
53 300
53 700
51 400
37 300
51 400
49 200
53 600
49 300
47 400
45 300
51 400
49 300
43 200
51 400
41 200
49 400
51 300
47 200
49 300
53 400
47 200
33 300
45 300
43 300
51 400
49 300
51 500
51 600
45 300
49 400
55 400
41 300
51 300
23 200
43 300
49 400
45 300
37 200
51 300
47 300
47 400
49 300
51 400
39 400
51 300
53 400
55 300
51 300
43 300
35 200
45 300
43 300
49 500
45 400
51 300
45 600
51 300
53 400
39 300
51 300
51 500
51 300
47 500
39 400
39 500
43 200
47 400
49 700
47 300
47 400
49 300
45 300
51 300
39 200
47 300
45 400
49 500
49 400
49 300
49 300
45 300
47 300
53 300
43 300
41 300
43 300
47 300
45 300
45 300
53 300
47 300
41 300
51 400
43 300
41 300
53 400
51 400
47 300
53 400
41 300
41 200
47 300
41 400
39 300
49 300
49 300
47 400
41 200
49 400
45 300
41 200
43 300
41 200
41 300
51 400
51 400
47 300
41 200
43 300
43 300
43 300
47 300
47 300
47 300
51 300
43 300
47 400
47 300
45 200
51 300
47 300
41 200
41 300
45 300
49 300
51 300
45 300
49 300
45 300
51 300
45 600
47 300
51 400
49 900
53 400
41 300
45 500
45 300
41 200
47 300
49 300
47 300
39 200
45 200
51 700
51 300
51 400
51 400
43 300
49 300
49 300
47 2100
55 900
43 300
43 300
49 600
49 300
45 400
51 500
45 300
27 300
43 300
53 400
53 400
51 300
51 700
49 300
47 300
39 300
49 300
41 300
37 400
47 300
45 300
49 300
47 300
43 300
47 300
51 400
47 400
51 400
37 300
45 200
45 300
43 300
55 400
45 300
49 200
49 300
49 300
49 300
51 200
45 300
41 200
45 400
51 300
47 400
49 300
51 300
35 600
47 700
47 600
35 400
51 400
47 300
47 300
43 300
47 200
49 300
43 300
45 200
45 300
45 300
45 300
49 400
49 300
53 400
41 200
43 600
49 200
49 300
47 400
49 200
53 400
49 300
51 400
41 400
43 300
43 200
47 300
47 400
47 300
47 700
35 300
51 300
47 400
49 200
47 400
51 300
43 300
39 300
43 300
47 300
47 300
51 800
53 300
49 400
41 200
47 600
51 300
43 400
53 400
45 200
47 400
45 300
49 300
45 200
51 300
49 300
51 400
43 200
51 300
53 400
45 400
53 400
49 300
45 600
47 400
49 200
51 600
47 400
53 400
47 300
47 300
49 300
45 300
47 300
47 300
43 300
51 400
45 300
47 300
49 300
43 200
47 300
47 400
47 300
37 300
43 200
51 300
49 300
45 300
47 300
49 300
53 400
45 300
51 300
43 300
49 300
27 300
45 300
37 300
51 300
51 400
51 300
47 300
47 300
45 300
53 300
47 300
43 300
41 300
43 400
49 400
41 300
51 600
49 400
51 300
47 400
45 400
53 400
53 400
39 300
39 200
45 500
51 300
51 600
31 300
39 300
43 200
49 400
45 300
53 300
49 300
37 600
49 300
35 400
51 300
41 300
41 200
49 300
41 200
47 200
51 400
47 300
43 200
49 200
53 300
53 300
39 300
51 300
37 200
49 300
49 300
43 200
53 300
55 400
51 300
49 400
41 300
51 300
49 400
49 400
35 200
43 300
45 400
49 300
35 200
45 300
49 400
49 300
51 400
47 600
47 300
53 300
47 200
51 400
49 400
51 400
45 300
51 700
43 200
51 300
45 300
45 300
53 400
47 300
51 300
45 200
49 300
53 300
47 300
43 300
35 200
49 400
49 300
51 300
49 300
45 200
41 200
55 400
49 300
51 300
49 400
45 200
45 200
43 300
47 400
55 400
49 400
51 300
51 300
43 300
43 300
55 400
43 300
53 400
45 400
45 300
39 300
47 300
51 400
39 200
49 300
55 600
47 400
43 500
49 400
49 300
41 300
45 200
37 200
47 500
51 400
45 300
43 300
31 200
51 300
37 500
53 300
47 300
47 400
49 300
47 200
51 400
51 300
51 400
51 300
51 600
47 300
47 400
39 300
49 300
45 300
43 200
39 200
51 400
47 300
41 300
51 400
51 300
45 300
53 300
49 300
39 500
51 400
55 400
53 400
51 500
51 400
51 300
53 400
51 500
49 400
51 400
47 300
43 300
45 200
37 300
51 300
51 400
49 200
49 400
53 400
49 600
43 300
49 300
49 400
51 400
51 300
39 200
49 200
49 400
41 300
53 400
47 300
47 300
51 400
37 300
53 400
41 200
43 400
51 600
47 300
47 400
47 200
41 300
45 300
49 400
43 300
41 200
43 300
45 200
37 300
47 400
51 300
49 300
43 300
43 300
51 400
41 200
53 400
51 300
41 200
51 400
37 300
43 300
51 300
45 300
41 300
49 600
53 400
51 400
41 300
47 300
43 400
53 300
51 500
51 400
37 200
53 300
55 700
49 300
53 400
47 200
49 300
43 300
41 200
47 300
37 200
51 400
47 400
41 300
45 300
51 400
51 300
47 300
41 300
49 400
49 400
41 200
49 400
49 400
47 400
51 300
53 400
37 800
43 700
43 400
37 300
51 300
45 300
51 300
37 200
47 300
49 400
51 400
53 300
43 300
53 700
47 300
43 300
33 200
49 400
47 300
41 200
49 300
41 200
45 300
45 200
45 200
51 300
49 400
45 200
53 400
45 400
51 300
53 500
45 300
51 300
51 500
51 300
47 300
45 300
39 200
37 300
35 200
51 400
45 300
45 300
53 600
49 300
41 300
49 500
51 400
47 300
47 600
39 300
49 300
43 300
51 400
49 200
51 400
45 300
49 300
49 400
47 300
51 300
43 300
53 400
39 300
51 400
47 300
43 300
41 200
47 300
45 500
45 300
51 400
49 300
43 300
49 400
47 300
37 300
45 300
43 300
43 200
53 400
53 500
49 400
47 400
37 200
49 700
43 300
47 200
47 300
45 500
47 400
51 600
49 300
51 300
45 400
49 400
47 400
49 400
55 400
47 700
53 500
43 500
43 300
49 400
51 400
35 300
47 400
45 300
53 400
47 400
47 400
45 300
45 300
43 400
51 300
53 400
51 500
47 300
49 400
53 400
51 400
45 300
51 300
53 300
45 300
51 900
37 600
53 1000
49 400
43 300
47 300
43 300
47 300
49 400
45 300
41 300
47 300
51 400
51 300
53 300
49 500
53 400
49 300
47 500
43 300
53 400
51 400
41 300
51 400
33 300
49 300
45 200
53 300
37 300
45 300
49 500
51 700
47 300
41 300
49 300
39 300
51 300
49 300
43 300
43 300
47 300
47 400
47 200
47 300
47 300
45 200
41 200
51 600
39 200
47 400
43 300
53 400
45 200
47 300
53 700
51 700
51 400
45 300
49 300
47 300
53 300
49 300
53 600
51 300
47 400
47 300
41 300
51 300
49 300
43 300
47 400
41 300
53 300
45 200
45 400
39 200
53 400
37 200
45 300
43 300
51 400
53 300
53 300
47 300
33 200
49 200
47 300
49 400
45 200
47 300
45 300
45 300
35 200
41 300
49 300
51 300
47 300
53 400
49 300
51 3100
35 800
47 700
47 500
51 600
41 400
39 400
53 500
53 500
51 400
45 600
45 800
53 1000
55 900
43 600
47 800
47 900
45 800
47 700
45 600
45 600
45 600
43 500
29 400
31 400
43 700
45 500
41 600
39 800
43 800
39 600
47 700
49 600
43 600
47 600
47 600
43 900
37 300
51 800
37 500
45 700
45 600
49 700
45 900
51 800
53 700
39 400
43 600
45 600
43 500
49 700
43 900
23 300
51 600
47 500
51 700
37 500
39 400
55 700
27 300
39 400
49 700
39 400
43 400
47 700
43 600
51 500
19 200
37 400
49 600
41 900
51 600
49 400
45 500
37 600
45 600
47 600
47 800
47 900
49 600
43 500
49 500
51 800
51 600
53 700
45 500
43 600
51 600
49 800
47 700
43 500
51 600
51 600
45 500
53 1000
53 900
41 600
53 900
45 500
25 400
39 500
45 600
55 700
47 900
47 500
53 600
45 500
45 600
51 500
51 500
51 600
49 700
43 500
47 600
33 400
43 400
51 700
41 600
53 700
49 600
47 1000
49 900
43 400
31 300
45 400
51 500
49 500
47 500
47 600
45 500
53 900
51 500
49 800
47 600
49 700
53 600
41 400
53 800
47 500
53 600
49 500
41 600
49 1000
39 400
49 1000
53 600
39 500
47 600
51 700
47 600
49 700
47 500
49 600
49 600
49 800
31 600
51 800
49 700
41 400
51 600
47 500
49 500
49 500
47 500
47 600
43 900
51 800
45 800
47 600
45 700
45 1000
33 400
47 500
45 500
49 800
39 500
53 700
49 500
51 600
51 800
49 1100
47 800
45 800
47 1000
47 800
43 800
39 700
45 800
53 800
49 800
51 800
51 1000
47 700
53 1300
47 700
49 700
47 1000
45 700
49 800
45 800
35 600
51 800
45 600
49 700
49 800
43 700
51 800
53 800
47 700
45 800
51 900
47 800
45 800
49 600
45 800
51 800
49 1100
37 500
43 700
47 600
37 900
43 700
51 800
53 1100
47 700
43 700
41 600
51 700
49 700
53 700
49 800
51 700
51 800
47 700
47 800
43 900
47 800
41 600
45 1000
51 800
49 600
49 700
39 700
47 700
51 700
49 800
53 800
45 700
49 700
47 700
47 700
45 700
51 800
51 700
35 600
51 800
45 1100
49 700
51 1100
45 600
51 800
51 1000
49 700
49 800
51 700
43 600
41 700
49 800
49 600
43 600
53 800
47 700
49 700
47 800
49 600
49 700
51 700
49 700
49 600
53 700
41 500
35 500
49 700
47 800
41 600
45 700
53 1100
51 800
45 700
51 700
45 700
49 700
53 700
51 700
53 700
43 700
41 600
51 700
43 700
43 600
41 600
45 600
51 1000
49 700
49 600
47 700
53 700
43 700
47 700
49 900
45 600
41 600
49 3400
49 700
35 500
45 700
33 600
45 800
49 800
49 800
29 500
45 600
37 500
51 700
53 800
51 800
47 700
45 500
47 900
49 700
51 800
35 600
43 1000
41 700
51 700
47 700
47 1000
51 700
49 700
45 600
43 700
49 600
51 800
41 600
43 600
49 700
53 800
39 600
45 600
47 800
41 700
47 700
49 800
49 700
45 800
55 800
53 900
53 1200
45 700
53 700
51 700
43 700
51 700
51 700
41 700
43 600
45 800
51 1000
47 900
49 700
51 600
47 600
47 600
51 800
51 600
49 800
49 700
49 700
47 800
41 700
47 700
47 1100
43 600
37 600
45 600
49 800
45 600
47 700
51 800
43 700
49 800
39 500
49 700
47 700
51 800
47 600
49 800
51 700
53 800
53 700
53 500
53 400
51 400
51 400
49 300
51 600
51 300
47 400
41 300
39 300
39 300
43 500
45 400
43 300
35 200
39 300
41 300
47 400
49 400
49 500
47 400
45 300
33 300
51 600
51 400
39 700
39 500
45 800
53 700
39 500
43 500
51 500
51 500
53 500
37 300
49 400
51 700
51 400
41 400
37 200
37 300
45 500
55 500
35 400
43 800
51 500
45 300
49 400
51 400
51 300
51 400
37 400
49 400
33 300
45 400
51 300
49 400
49 400
45 300
49 400
55 400
51 400
41 300
43 400
45 400
51 400
51 500
47 400
47 400
45 400
51 900
47 400
37 300
45 400
45 400
45 700
53 600
43 300
45 300
43 300
47 400
49 300
51 400
49 400
51 500
47 400
43 400
49 500
51 400
53 500
49 400
47 400
47 600
39 300
45 700
49 800
37 600
33 600
47 400
41 300
49 400
49 400
35 300
43 400
49 400
53 400
53 800
37 200
39 300
49 400
55 500
41 300
53 400
39 200
49 300
41 300
51 400
33 200
37 200
49 400
47 300
45 600
51 400
49 300
51 500
43 300
51 400
39 300
47 300
53 400
43 400
45 300
53 400
49 400
45 300
43 500
47 400
51 400
49 600
51 300
45 400
47 400
51 300
49 300
47 300
27 200
51 600
47 400
55 600
49 500
43 300
51 500
53 600
49 400
33 300
51 600
53 400
31 300
35 200
41 300
43 300
53 400
51 400
51 300
45 400
51 400
41 300
37 300
49 300
49 300
53 300
43 300
47 400
49 400
51 400
47 300
47 300
49 400
45 300
47 500
51 400
51 700
49 400
37 400
43 400
47 200
45 300
49 600
43 500
47 600
47 900
47 800
31 800
47 600
49 1000
53 900
51 1000
47 600
47 800
53 1200
49 700
49 700
51 1100
49 600
49 1000
51 700
53 900
43 600
47 500
45 400
49 300
51 400
41 300
39 200
47 300
45 400
39 300
49 400
47 400
51 1300
53 1100
45 500
47 400
45 500
43 500
53 600
43 500
49 600
35 300
39 500
27 200
53 700
51 900
53 800
33 200
51 400
43 700
55 700
49 900
47 900
41 400
49 700
39 400
41 800
51 600
47 500
51 500
51 900
51 600
49 500
51 700
47 900
51 900
47 800
45 600
43 800
39 400
39 600
51 600
51 600
47 500
47 700
47 400
53 500
53 600
49 500
45 600
45 800
47 500
45 500
49 400
51 500
51 600
51 600
49 400
49 500
41 500
51 800
49 800
49 500
49 500
49 700
47 700
43 400
45 600
47 600
51 500
49 500
49 600
47 800
49 500
49 600
39 700
49 800
53 1000
47 600
45 600
49 600
49 700
47 500
49 500
51 800
45 700
41 600
43 500
43 600
47 600
47 600
49 600
43 500
45 600
55 800
55 600
41 400
51 700
47 700
43 500
49 900
51 500
37 400
47 600
37 400
49 600
49 500
41 600
51 500
41 800
47 500
53 700
45 700
53 600
47 400
45 400
47 800
43 500
47 500
53 900
51 600
47 500
41 500
49 500
41 500
49 600
47 600
51 500
43 400
49 500
35 300
51 600
49 600
45 500
47 500
47 400
51 600
49 600
37 400
51 700
33 600
49 600
47 600
49 700
51 800
39 500
49 500
49 500
43 800
53 800
49 500
47 600
51 600
47 600
49 800
53 600
45 700
49 600
41 800
41 800
39 500
39 400
53 700
45 600
45 600
55 700
51 600
39 600
43 600
47 500
45 500
51 600
51 500
47 600
35 400
47 600
43 500
43 500
41 500
47 500
49 400
49 500
47 700
37 700
49 600
51 700
41 500
49 600
45 500
29 600
47 500
29 600
53 700
45 500
45 500
51 500
51 700
43 500
43 500
47 600
45 1000
45 500
53 600
43 500
47 500
45 500
43 500
41 400
53 600
53 700
47 600
53 500
43 500
45 400
51 600
39 500
53 700
51 800
49 700
49 500
45 800
47 900
45 600
53 700
49 600
45 500
47 600
53 1000
53 500
49 500
49 600
43 900
51 600
51 900
51 600
37 400
43 600
49 600
45 700
43 500
47 900
43 600
39 900
53 1200
49 800
53 900
47 700
51 900
45 600
41 600
45 500
49 600
51 700
47 1100
47 700
49 500
49 700
47 600
51 700
49 500
53 600
49 700
41 900
43 500
53 600
55 700
49 600
35 500
31 500
41 500
39 500
39 600
51 600
45 600
39 800
35 500
41 500
47 600
43 800
51 600
55 800
51 600
43 700
37 500
51 600
19 300
43 500
47 500
45 700
45 500
53 800
45 600
49 600
43 600
49 700
53 1100
47 500
51 600
47 500
41 900
49 600
43 900
51 700
45 500
43 500
39 400
41 500
41 500
51 500
41 500
53 500
49 600
49 600
45 500
51 600
49 600
29 300
47 400
37 500
49 600
39 400
49 800
43 400
47 500
51 800
49 900
53 800
47 500
49 1000
45 600
53 800
33 700
45 500
47 600
49 600
39 400
45 500
53 700
43 500
47 500
47 600
49 600
53 700
43 400
53 700
43 500
49 500
47 700
39 400
51 500
53 500
43 500
51 500
49 500
41 500
37 400
55 800
45 800
41 500
51 600
45 700
51 500
51 500
53 600
49 600
41 600
35 500
45 600
47 600
39 500
49 1100
43 1000
49 900
39 2000
47 1100
45 500
47 600
45 400
43 500
49 500
43 700
55 500
45 700
47 600
45 800
45 400
53 800
51 400
47 400
35 300
47 500
53 400
41 300
43 300
41 600
47 400
47 400
49 400
39 300
49 500
49 400
53 400
51 600
55 500
51 400
37 200
45 300
49 500
47 400
43 300
53 300
41 300
49 500
47 400
39 300
49 400
51 500
47 500
47 300
39 300
47 300
51 300
49 300
49 300
45 400
45 300
47 400
53 500
49 400
51 400
51 500
49 400
49 300
47 300
45 200
49 600
43 300
43 300
51 300
53 500
51 400
45 300
37 200
53 400
53 400
43 400
49 600
45 600
49 400
49 400
51 400
51 900
37 500
37 300
45 300
51 600
49 400
49 400
47 300
51 300
47 500
45 300
49 400
51 300
45 300
51 300
45 300
43 300
41 200
51 300
53 400
41 300
49 600
53 400
39 300
51 300
43 300
43 200
45 300
49 600
49 300
39 300
49 300
43 300
45 700
47 300
33 200
53 600
53 400
47 300
49 300
31 200
39 200
53 400
47 300
29 200
47 300
41 300
45 400
53 400
49 400
39 300
49 300
45 300
47 400
51 300
45 300
45 200
35 200
45 300
51 400
53 600
41 400
47 4600
47 900
41 500
51 500
43 500
45 1000
49 1100
51 700
55 800
51 700
45 700
49 400
53 400
47 200
53 300
49 300
47 400
43 200
49 300
35 200
47 400
45 300
41 400
37 200
41 300
49 400
51 400
45 400
49 400
47 300
41 300
53 300
53 400
49 400
33 300
45 300
49 400
47 500
51 400
53 400
49 300
49 600
51 400
49 400
51 400
49 300
41 300
51 600
51 400
49 300
51 400
41 300
47 300
39 300
45 300
51 300
53 400
55 400
51 400
41 200
37 300
47 300
45 300
51 400
49 400
53 300
45 300
47 400
47 600
49 400
51 500
43 300
43 500
47 400
45 200
45 300
43 500
43 300
37 200
53 300
43 300
47 400
47 400
41 300
43 500
49 200
39 200
45 400
41 300
49 300
43 200
49 300
43 300
53 400
45 300
49 400
47 300
49 500
43 300
47 400
51 300
43 300
49 400
49 300
51 500
47 400
49 400
51 300
37 200
53 600
51 300
37 300
47 300
47 400
53 300
35 200
49 300
47 300
45 300
45 200
39 400
53 600
43 300
37 200
53 400
51 300
43 200
45 300
51 300
47 300
25 200
49 500
45 300
49 300
47 500
41 300
47 300
51 300
49 300
33 200
47 700
35 400
35 300
45 300
47 300
41 400
41 400
49 400
49 400
47 400
41 300
47 400
47 300
51 400
47 300
43 300
51 400
45 300
53 400
53 300
53 400
49 300
51 300
49 300
49 300
41 300
51 600
55 400
49 400
41 200
53 400
53 400
47 400
49 400
45 300
45 300
43 300
43 800
47 400
47 400
49 400
47 400
47 300
49 300
53 300
51 400
29 200
49 400
49 300
39 300
45 400
51 300
43 600
41 300
41 300
53 400
51 200
43 300
49 200
49 200
39 300
47 400
55 400
49 400
53 300
49 300
49 300
43 300
47 300
45 300
45 300
51 400
39 200
35 300
47 200
41 500
45 200
41 200
51 400
45 300
29 200
51 300
43 200
43 300
53 300
43 300
47 300
53 300
55 500
43 300
45 300
33 100
49 400
51 300
45 300
39 300
47 300
45 500
51 300
47 300
49 300
49 300
45 500
49 200
55 300
47 300
49 300
49 300
39 300
45 300
47 400
45 400
41 300
49 300
43 300
49 400
41 400
45 300
43 300
51 300
49 300
49 300
51 400
45 300
51 400
49 300
51 300
51 400
41 200
51 200
47 400
55 600
33 200
51 400
39 200
37 200
45 300
41 300
41 200
47 300
43 200
41 300
51 500
51 400
41 300
45 300
49 300
45 300
45 400
27 600
37 300
51 500
53 400
47 400
47 400
31 200
43 300
47 400
53 300
41 400
45 300
45 300
47 300
43 300
39 200
51 300
49 300
35 300
53 400
51 500
49 300
37 200
51 300
49 300
47 300
43 500
51 400
51 400
49 300
41 600
41 300
49 300
39 300
43 200
49 500
45 300
55 400
47 300
47 300
45 200
53 300
45 300
43 400
51 800
49 400
51 300
49 300
49 200
37 200
39 200
49 300
43 200
49 300
29 200
47 400
47 300
49 300
47 400
53 300
41 200
47 300
47 300
51 400
51 500
45 300
41 300
51 300
45 300
51 300
45 300
51 400
49 300
35 600
35 300
47 200
47 500
47 300
41 200
47 300
47 200
47 200
35 200
49 400
49 500
47 300
51 400
51 300
51 400
47 400
41 300
49 300
47 200
45 200
49 300
49 300
47 400
51 300
47 500
47 300
43 200
45 300
49 400
51 300
33 500
51 300
43 200
45 300
51 400
51 200
51 300
51 400
47 600
49 400
49 400
45 300
49 300
49 500
51 600
43 200
43 200
49 200
49 300
51 300
37 300
49 400
43 200
53 400
49 300
45 200
49 300
47 300
43 300
49 300
53 400
47 300
41 300
43 300
33 200
49 300
29 200
49 500
49 300
43 300
47 300
39 300
33 200
49 300
53 300
49 300
43 300
45 200
39 300
51 600
53 800
49 300
51 300
51 300
41 200
51 400
45 300
47 300
45 300
45 200
47 400
43 300
43 300
53 300
37 200
51 500
43 200
47 300
51 300
31 200
51 400
45 200
51 200
51 400
53 800
43 700
33 500
43 600
45 1000
51 600
49 800
51 700
53 1100
41 1300
47 700
51 1000
49 800
51 700
43 600
49 600
51 1000
45 700
43 600
53 600
47 600
55 700
51 800
43 600
43 600
45 500
49 500
41 600
51 800
45 600
49 700
45 600
43 600
43 600
45 500
53 700
47 800
43 700
41 900
45 800
43 500
47 700
47 600
43 800
41 500
41 600
49 800
47 600
47 700
49 700
41 600
45 600
51 700
27 400
45 700
51 800
33 600
45 700
45 600
53 1100
45 1100
43 500
45 800
37 700
51 900
47 800
41 700
49 800
17 600
49 800
35 500
49 600
47 700
39 500
47 900
49 800
47 900
47 900
49 600
47 600
35 800
45 1000
45 900
51 1000
47 1100
43 800
43 800
47 600
47 800
39 700
41 600
39 600
53 800
45 700
47 800
45 700
43 800
51 800
53 500
41 300
49 400
49 300
47 400
37 300
47 300
49 300
47 300
41 600
41 300
45 300
51 400
51 300
47 400
37 300
43 300
47 200
43 600
49 200
29 300
53 400
43 400
45 200
45 600
53 800
35 200
51 300
55 500
49 400
49 300
43 600
51 400
51 300
49 400
43 300
47 400
49 400
37 300
47 300
45 400
37 300
51 400
51 400
53 500
53 500
49 400
49 400
31 200
53 400
41 200
49 600
55 400
45 300
49 300
49 200
51 400
55 500
49 300
41 300
43 400
47 300
47 400
47 400
49 700
47 200
51 400
47 400
49 300
53 400
49 300
49 300
47 400
45 300
53 400
51 400
35 200
47 300
55 500
49 500
45 400
47 400
39 300
49 300
53 400
53 300
45 300
45 300
49 300
35 200
37 200
43 400
55 300
51 400
43 300
47 300
43 400
37 300
49 400
45 300
47 300
51 300
47 300
47 500
47 400
49 400
47 300
39 300
45 400
45 300
43 300
51 400
51 400
43 200
49 400
51 600
51 400
45 300
21 200
53 400
39 200
47 500
49 700
47 200
49 400
49 300
49 400
51 500
53 400
49 400
51 300
49 500
51 300
49 300
45 300
51 600
51 800
53 700
45 400
49 300
47 300
45 300
47 400
47 300
51 400
51 300
45 300
51 400
39 400
35 200
49 300
49 300
49 400
49 400
51 400
53 300
47 400
45 300
41 200
53 300
49 300
47 300
43 200
55 300
47 800
45 500
45 500
45 500
41 400
49 500
49 500
45 600
47 500
51 500
49 800
55 700
51 400
49 500
49 500
43 400
49 400
45 500
49 500
49 400
45 400
53 500
45 900
47 900
41 400
49 400
51 400
53 500
53 400
47 400
51 300
39 200
49 300
43 300
51 300
43 400
43 300
53 400
43 300
47 400
41 200
45 300
47 200
47 300
41 300
43 300
53 300
53 400
43 200
43 200
49 300
49 300
49 400
51 400
51 300
37 200
51 400
41 400
43 400
49 300
39 400
47 300
53 400
51 300
41 600
51 400
47 400
47 800
49 200
51 300
47 400
51 600
47 600
55 500
47 400
45 300
43 300
51 400
49 300
43 400
53 400
49 300
45 200
41 300
49 300
51 500
49 300
43 300
51 300
53 300
43 300
49 300
43 200
47 300
51 400
49 300
35 200
49 700
51 300
53 400
51 300
47 400
49 300
51 400
47 400
51 300
53 700
47 600
45 300
51 300
43 300
39 300
49 300
45 200
51 400
39 300
41 300
35 200
41 300
43 300
47 400
43 200
29 200
49 300
41 300
45 500
51 500
47 300
49 200
41 400
49 300
41 300
45 300
45 300
49 400
45 200
53 200
45 500
41 200
51 300
43 300
51 400
39 300
45 300
51 400
47 200
51 400
39 300
39 300
47 300
47 800
47 400
47 300
49 300
39 200
49 500
49 300
39 400
45 400
45 300
45 300
49 300
49 300
55 400
31 200
51 300
45 300
53 400
53 400
47 300
45 300
43 300
49 400
31 200
47 300
37 300
51 300
43 200
41 200
45 300
37 300
41 200
47 300
33 300
45 200
49 5100
47 300
41 300
53 800
47 400
49 300
43 300
51 400
49 600
45 300
47 300
47 400
49 300
43 400
47 700
49 600
35 500
45 600
49 600
45 600
51 400
49 300
31 400
47 300
51 400
47 300
51 300
51 300
51 300
51 400
47 300
43 200
51 300
53 500
51 1100
43 500
51 600
47 400
49 500
37 400
37 500
31 500
51 700
47 400
43 600
53 800
51 600
45 400
49 400
43 300
41 300
35 300
53 400
43 600
45 300
51 400
45 200
49 400
51 300
45 300
47 700
49 400
47 300
53 400
51 400
49 300
49 300
53 400
39 200
47 500
53 300
39 300
49 300
41 200
49 300
49 400
43 300
49 300
41 200
47 300
45 300
43 300
47 400
45 300
35 200
47 300
49 300
51 400
37 200
45 400
49 300
47 400
45 300
49 300
53 300
35 200
51 300
51 300
49 300
47 200
45 300
53 500
45 200
47 300
41 300
47 300
33 200
39 700
39 600
53 600
51 700
23 300
51 600
47 500
45 400
43 500
49 800
49 300
45 400
47 300
49 300
45 300
47 300
49 400
43 300
53 400
47 300
47 300
53 500
41 200
47 300
41 300
39 300
51 500
45 300
39 300
47 300
45 300
45 200
51 400
33 200
43 300
45 300
51 400
49 400
47 300
51 300
39 300
51 400
49 300
51 300
53 400
51 400
53 300
47 300
35 300
51 300
51 200
53 400
43 300
51 400
33 200
49 300
51 300
47 300
49 200
49 400
39 300
45 300
43 300
53 300
27 200
47 200
47 300
51 400
53 400
39 200
41 500
41 200
49 300
43 300
45 400
37 300
53 300
33 200
53 500
47 400
51 300
55 400
51 400
41 300
39 300
39 200
47 200
43 300
47 600
45 300
45 300
47 300
39 300
47 800
37 800
51 900
49 800
45 600
47 700
49 700
47 600
49 700
53 900
43 700
35 600
39 600
39 900
43 600
55 900
49 700
49 700
53 800
47 800
41 600
43 600
47 600
53 800
47 600
49 700
41 600
49 700
45 700
45 700
45 800
49 700
41 600
33 600
49 800
49 800
49 900
47 800
33 700
49 800
35 500
47 700
53 1000
49 800
37 700
43 600
47 600
47 800
49 700
51 700
49 1200
41 700
49 800
51 1100
51 700
43 500
45 500
29 500
49 600
53 500
51 400
49 500
49 500
53 600
43 500
41 500
45 500
49 500
43 500
43 400
49 600
47 600
41 500
53 600
51 500
43 500
47 500
43 500
47 600
41 400
47 600
49 600
43 500
47 500
43 500
51 500
53 600
49 700
47 500
51 500
47 500
53 600
47 500
37 500
49 900
53 600
47 500
37 400
41 400
51 500
43 500
51 500
47 500
49 500
49 600
51 500
51 600
47 500
51 500
45 500
51 600
45 400
51 700
47 500
51 500
49 500
47 400
45 400
47 400
49 400
37 400
43 400
49 600
47 500
51 500
43 400
53 800
41 700
45 400
51 500
45 400
51 900
53 600
49 400
41 300
51 500
53 500
51 500
49 500
47 500
47 400
47 500
49 900
37 400
51 500
43 400
49 400
41 400
43 400
39 400
51 400
51 500
55 500
49 400
55 800
51 900
47 600
51 500
37 400
43 400
45 400
51 600
49 600
47 500
49 600
49 600
49 500
37 400
45 600
47 500
31 300
49 600
51 500
47 500
51 500
43 400
47 500
43 400
43 500
51 500
49 400
49 600
47 500
49 600
39 500
47 500
49 500
49 600
39 700
53 500
49 600
51 600
43 400
51 500
35 400
33 1000
49 900
51 1300
49 500
43 1100
49 600
43 900
41 400
37 500
41 400
49 500
37 400
39 400
45 400
53 600
47 500
47 400
45 600
49 400
55 800
53 600
43 400
35 400
49 500
45 500
45 400
47 500
51 600
43 600
45 500
43 400
47 500
53 600
47 600
47 500
49 500
49 500
51 600
51 500
53 600
51 600
47 500
51 1100
49 400
47 500
45 500
51 600
47 500
53 500
47 600
47 500
55 700
47 400
37 400
55 700
49 600
47 500
47 500
51 600
39 400
47 400
51 1000
47 600
47 500
49 500
49 500
51 400
49 1000
45 800
45 500
49 500
37 400
55 500
51 600
49 600
47 500
37 400
45 600
37 300
49 600
39 400
49 1000
45 500
49 500
51 500
47 500
39 700
53 600
51 700
45 500
51 500
47 500
37 400
51 800
49 800
41 400
51 600
47 600
49 500
53 600
41 400
47 500
53 700
49 700
47 600
51 600
49 600
41 400
51 500
25 200
45 500
47 500
45 500
39 500
51 700
49 600
51 800
51 600
49 500
47 700
49 500
53 600
49 500
41 400
47 600
45 800
47 600
45 500
45 500
51 900
37 500
43 500
55 600
49 500
35 400
47 500
45 600
51 600
53 800
51 600
51 500
49 500
49 600
45 500
51 700
51 600
43 500
47 500
49 500
49 800
45 700
39 400
39 400
49 600
51 900
41 400
45 500
47 600
43 400
49 500
45 600
53 600
51 600
41 400
47 500
41 600
47 700
47 800
49 1000
49 500
53 600
47 500
53 500
53 500
51 500
49 700
51 500
53 500
43 500
51 600
49 700
43 400
47 800
47 500
45 500
47 400
47 600
43 600
47 500
41 300
49 500
21 200
49 600
39 500
45 500
55 600
51 500
43 700
49 600
53 600
53 700
47 500
41 400
51 500
43 500
45 500
31 400
51 800
49 800
43 500
53 700
49 6600
53 600
41 400
47 500
49 500
49 800
43 500
49 800
51 900
35 400
45 400
51 800
41 600
43 500
45 500
45 500
51 800
49 500
45 500
41 400
47 500
51 900
53 600
45 600
47 500
51 600
43 400
51 600
47 600
51 800
47 500
49 600
39 400
51 600
39 400
47 700
41 500
45 600
53 700
49 600
49 500
51 600
45 700
51 600
47 600
49 600
49 800
55 600
49 900
49 800
49 500
47 500
37 400
47 600
51 700
49 900
41 400
47 500
51 700
55 700
51 500
43 500
43 600
49 600
41 500
51 600
47 500
55 900
47 700
51 600
51 800
49 500
37 400
43 600
37 400
43 400
41 500
43 800
55 600
49 800
47 500
51 900
35 400
51 500
43 600
39 600
47 600
39 800
55 900
37 500
49 800
49 600
51 600
53 700
47 600
53 1100
53 600
45 500
39 500
43 500
29 300
41 400
49 500
47 600
49 600
53 500
45 500
49 800
43 300
45 500
45 500
55 600
41 400
47 500
51 600
47 500
49 700
35 400
53 600
43 500
51 700
49 500
47 700
49 500
53 600
51 600
45 500
47 500
51 500
51 500
37 400
55 600
45 500
41 500
43 500
43 500
49 600
51 500
49 500
51 700
49 500
51 700
45 500
47 400
47 500
53 500
47 500
43 500
51 600
43 400
45 500
39 300
49 500
49 500
49 600
43 500
53 800
53 500
49 700
43 500
41 400
37 400
41 600
49 600
53 600
51 400
45 500
37 300
45 800
51 500
47 900
43 400
41 500
47 400
53 800
49 500
47 400
45 400
51 500
43 400
41 400
43 400
49 800
43 400
45 500
49 700
49 900
53 700
45 500
45 500
31 300
49 500
51 500
49 600
51 900
47 800
51 700
43 500
43 500
49 600
49 700
43 400
53 900
45 700
49 500
47 2600
41 500
49 700
47 1000
45 2700
47 600
39 600
49 500
49 1200
47 800
51 500
47 300
53 500
51 400
45 300
55 400
41 400
45 400
49 400
29 200
45 200
43 300
37 300
49 300
51 300
49 400
45 300
51 400
43 300
37 300
47 400
49 400
49 300
49 300
45 200
49 300
51 400
47 300
47 300
51 400
47 300
49 400
53 400
49 300
47 200
49 400
45 300
49 300
53 500
49 300
47 300
49 500
49 400
49 300
49 400
51 600
49 300
29 300
51 500
53 400
51 400
47 400
39 200
43 300
47 300
43 300
53 300
43 300
51 300
47 300
53 500
37 200
47 300
41 400
33 200
53 400
47 300
43 300
43 300
45 300
45 400
43 400
47 300
45 300
51 400
43 200
47 300
51 300
39 300
41 300
53 200
45 300
47 600
47 600
49 600
49 300
49 400
49 400
47 400
51 400
47 300
45 300
51 500
53 400
51 400
51 300
49 500
49 300
47 400
45 400
51 300
45 200
47 400
51 300
45 400
25 200
45 400
47 200
37 200
53 400
47 300
51 400
45 300
51 400
29 200
45 200
45 300
49 300
49 300
41 200
45 300
39 200
51 300
45 300
47 300
49 300
49 300
51 400
49 200
45 600
47 300
47 200
47 300
47 300
41 300
45 300
45 200
53 400
45 300
41 200
51 300
45 300
49 300
39 300
47 200
51 400
51 300
51 300
49 300
51 300
49 400
31 200
51 400
49 300
47 400
41 300
53 400
51 400
45 300
53 400
39 200
51 900
43 800
51 600
51 800
47 500
49 900
43 800
51 400
53 400
43 300
39 300
53 500
47 600
53 900
51 800
41 900
49 500
47 600
51 900
53 700
41 800
51 600
45 900
49 500
51 600
49 600
55 1000
49 800
49 500
31 400
43 400
51 700
51 500
47 500
49 900
43 500
45 500
49 500
45 500
49 600
49 500
41 400
37 400
43 1300
47 500
49 500
47 700
47 600
47 600
51 600
49 800
47 500
53 600
49 500
49 800
39 400
49 600
41 600
51 600
35 400
49 400
47 600
43 500
51 1100
45 500
45 600
49 600
53 700
51 500
51 500
47 500
39 400
51 700
43 600
45 500
47 600
45 500
45 500
49 600
25 300
45 500
47 400
47 500
43 700
49 500
49 500
47 500
51 500
53 600
47 600
41 500
29 400
43 500
37 400
47 400
45 400
49 700
39 500
37 500
51 600
53 800
51 800
49 500
45 500
51 600
53 900
41 500
53 600
43 600
55 600
47 500
51 600
53 600
51 500
47 600
41 400
51 600
31 400
51 600
45 500
47 500
49 700
51 500
47 600
47 500
51 600
47 700
49 600
49 500
49 600
43 500
51 600
47 500
39 600
43 400
45 600
49 600
41 600
49 600
49 600
47 500
51 500
47 500
53 500
29 400
51 500
51 800
35 500
53 500
41 400
49 500
53 500
43 800
51 500
51 500
43 800
53 700
47 500
49 600
45 500
29 800
51 600
55 600
47 500
53 600
39 500
47 400
39 500
37 400
39 400
41 500
43 500
47 500
49 600
47 700
47 500
49 400
47 400
47 400
45 300
51 400
41 300
41 300
41 300
51 400
45 300
45 300
47 400
51 400
47 400
29 200
43 300
53 400
41 200
51 700
53 800
41 600
39 600
45 700
51 400
47 200
41 300
49 400
47 400
49 300
47 300
45 300
47 300
45 400
51 400
47 600
51 300
49 300
45 300
43 300
53 400
49 700
51 400
43 200
51 500
47 400
43 300
43 300
45 500
47 300
49 300
49 400
47 300
55 400
47 400
49 300
41 300
49 400
39 300
51 300
39 400
39 300
49 200
51 400
45 300
45 300
55 400
45 300
39 200
51 300
51 300
37 300
45 400
47 400
37 300
45 300
47 300
45 300
53 300
49 400
45 400
37 300
39 200
43 500
49 500
51 500
45 500
49 500
49 600
49 500
43 500
47 400
47 500
45 500
51 500
43 500
51 500
51 500
51 500
49 500
49 500
53 500
43 400
43 500
49 600
43 400
39 500
49 700
51 600
49 600
45 500
47 600
31 400
53 500
47 500
43 400
47 500
53 600
45 300
31 200
53 300
49 300
39 300
45 300
47 300
47 300
49 200
35 200
43 300
49 400
51 400
51 300
45 300
49 300
47 300
39 300
51 500
43 300
49 400
39 300
37 300
53 400
51 400
55 700
49 300
53 400
47 300
51 300
45 400
45 300
51 500
47 400
49 400
45 200
35 200
47 400
45 300
49 400
45 300
43 300
49 200
51 400
45 300
47 300
43 800
51 500
35 300
51 500
39 400
49 800
43 400
51 800
49 900
53 400
45 400
49 300
53 400
41 400
47 800
49 600
43 400
47 500
33 300
49 500
45 700
51 800
43 400
43 400
41 800
51 500
51 600
37 500
43 600
39 300
51 500
37 300
51 500
49 400
37 400
49 400
45 400
51 700
51 700
49 800
39 500
35 400
45 500
45 400
39 300
51 900
53 800
49 700
47 1300
45 600
51 500
49 400
51 800
47 500
45 500
51 500
43 600
47 700
49 400
47 500
49 600
47 900
47 400
39 500
53 600
49 400
45 500
51 500
47 500
53 600
41 500
51 600
43 500
49 800
51 1100
53 900
47 500
47 600
51 500
47 600
51 500
39 400
47 800
47 1000
45 800
35 500
43 600
51 600
51 500
51 600
43 400
51 600
43 400
47 500
45 400
51 600
45 600
53 600
43 400
41 500
43 400
49 500
47 300
53 600
49 600
47 500
49 600
51 500
47 500
41 500
45 500
37 700
45 800
51 700
49 900
49 600
41 400
43 400
47 500
49 400
45 600
49 500
49 500
43 400
49 500
49 500
49 500
53 500
47 500
49 500
49 600
53 500
43 400
41 500
55 600
47 500
43 400
41 500
51 500
51 600
53 600
43 600
51 600
41 500
53 600
49 600
41 400
51 500
43 500
33 400
45 400
43 400
43 700
49 800
49 500
49 400
51 800
33 300
41 400
49 500
51 600
51 500
47 500
39 400
43 500
51 500
47 500
43 500
43 400
49 500
49 600
51 500
53 500
45 900
49 600
49 500
43 500
51 600
45 600
47 400
47 500
41 500
51 500
51 600
51 600
49 500
43 500
41 500
51 500
47 500
53 600
51 800
39 400
49 500
51 500
47 600
49 500
51 500
43 500
55 500
47 800
51 800
37 400
35 300
49 500
47 500
47 800
45 400
43 600
47 500
53 800
51 500
49 400
51 500
45 400
49 500
47 500
47 500
53 600
51 800
47 400
49 500
53 700
51 700
45 400
47 500
37 400
47 800
49 700
39 400
47 400
37 300
51 500
47 900
49 700
47 500
33 400
41 400
37 600
47 700
45 500
49 600
53 600
37 1700
45 800
51 1100
49 1100
53 800
35 700
49 800
45 800
49 1000
37 400
53 600
43 500
45 600
49 600
49 400
37 400
45 300
41 600
49 400
47 500
39 500
49 800
43 500
41 500
43 500
45 500
45 400
41 500
49 600
51 600
51 500
51 500
45 1000
49 600
41 400
49 400
41 300
45 500
37 300
47 300
41 200
55 300
51 300
53 400
49 400
51 400
39 300
47 400
41 300
45 300
51 400
45 300
53 400
39 300
45 300
41 300
47 400
51 300
41 300
43 400
47 400
47 400
39 300
49 400
53 300
47 300
33 300
41 700
49 400
27 300
37 400
45 200
37 300
45 300
51 600
49 500
53 400
31 200
53 800
45 700
53 500
49 400
51 600
49 400
43 300
51 400
49 400
51 400
41 400
49 400
45 300
51 300
45 400
49 300
53 700
43 600
47 500
51 300
45 400
53 300
51 400
51 700
51 800
53 500
47 400
45 400
47 400
33 300
39 300
47 800
49 400
49 300
49 300
51 600
41 300
37 500
49 800
49 400
49 400
47 400
51 400
45 600
43 300
47 300
53 300
45 300
53 700
53 700
49 500
43 300
49 400
47 300
47 300
49 400
53 700
51 1200
51 400
45 300
47 400
47 400
45 600
51 800
49 500
41 300
47 300
47 300
53 400
49 5900
47 800
49 600
47 900
55 900
53 1100
39 700
45 600
45 700
39 700
53 800
49 600
53 800
49 1100
45 1300
43 700
43 800
51 900
45 700
49 800
33 700
47 900
45 800
47 700
47 800
49 900
41 700
49 1100
37 600
47 700
41 900
47 1000
47 600
51 700
47 600
47 600
47 700
51 600
53 1000
51 700
47 600
47 500
41 400
47 700
51 600
43 400
39 500
43 600
47 500
47 600
47 600
49 600
49 800
29 400
35 400
45 500
51 600
51 900
51 500
47 800
41 400
49 500
51 500
45 600
51 600
45 700
51 600
53 500
49 1100
39 500
51 500
49 600
47 500
47 700
51 700
47 500
53 900
51 500
47 500
51 600
49 700
45 500
39 400
49 800
49 600
45 600
51 600
49 500
49 500
51 500
41 500
47 500
49 600
47 800
51 800
41 400
47 600
47 600
55 600
43 500
43 500
53 700
47 700
49 800
45 900
47 600
51 900
49 700
43 500
47 500
45 900
49 600
39 500
41 500
45 500
49 700
47 600
47 600
49 700
49 600
51 500
39 400
49 500
43 500
49 500
53 600
47 600
53 600
51 900
41 600
47 400
53 700
51 600
49 500
41 500
43 500
49 600
51 600
47 500
47 500
53 600
39 400
35 400
45 500
45 500
47 500
33 700
41 700
47 400
51 400
45 400
51 400
47 600
43 800
49 500
49 500
45 400
49 400
49 400
43 400
47 300
47 300
49 400
41 200
49 300
51 500
41 300
49 400
51 500
47 300
41 300
47 300
49 400
39 300
45 700
47 900
47 700
45 1100
43 700
49 700
45 900
43 900
53 1100
45 700
49 800
37 700
45 600
41 700
55 700
53 700
51 700
53 800
51 700
45 900
47 1000
51 1100
47 900
53 1100
35 500
43 1200
45 1100
49 700
43 700
49 700
47 1000
47 1100
43 900
45 600
37 600
43 1000
51 900
45 1000
53 1100
49 1000
53 800
47 800
49 1200
47 1000
51 1000
45 1000
51 700
47 700
31 600
53 600
45 600
51 800
47 600
47 700
45 700
51 800
41 900
47 900
43 800
47 800
49 600
33 500
45 500
49 800
49 900
43 800
45 900
47 800
55 800
51 1100
45 900
41 700
49 1200
47 700
45 500
51 500
45 700
43 600
49 500
53 600
41 500
37 400
47 500
49 800
45 400
43 500
45 400
37 500
53 700
55 600
43 400
51 500
51 500
49 500
45 500
47 700
53 600
47 500
45 400
47 500
47 500
49 500
53 600
53 600
45 400
47 700
39 500
51 600
41 500
41 500
53 500
45 500
47 600
49 500
49 500
51 600
47 400
47 300
41 400
43 300
49 300
47 500
49 400
49 300
47 300
41 300
45 300
49 300
49 400
45 300
49 400
51 700
51 500
39 200
51 400
47 400
45 200
53 400
53 300
45 400
37 300
35 300
49 300
47 300
49 400
49 300
33 200
47 600
43 600
51 400
43 300
51 300
39 500
39 300
49 300
49 400
43 300
47 400
39 200
53 300
45 300
47 300
45 300
47 300
35 200
51 600
31 200
47 300
49 400
51 400
51 300
45 300
45 300
53 400
51 400
41 300
43 300
47 400
51 300
45 300
47 300
49 400
47 300
53 400
47 600
41 300
53 300
37 300
43 200
55 400
39 200
41 300
41 300
49 300
41 400
51 400
49 400
53 300
53 400
53 400
49 500
45 300
47 300
47 400
49 300
43 300
51 300
45 300
49 400
47 200
43 300
37 300
53 300
45 200
45 300
51 200
49 400
41 200
41 300
47 400
45 300
45 300
37 300
53 300
39 300
45 300
45 500
39 300
31 700
53 1000
49 500
45 600
45 400
53 600
35 400
39 400
51 400
47 400
51 500
47 500
45 400
45 500
37 400
49 500
49 500
33 400
41 700
51 600
55 600
51 500
41 500
49 500
53 500
39 400
43 700
51 500
45 500
47 400
55 600
45 500
49 500
51 500
49 800
45 600
35 400
35 400
53 700
49 500
49 500
45 500
45 1000
43 600
53 900
49 600
45 600
43 600
39 400
29 400
43 500
47 500
51 600
47 700
43 500
47 500
51 700
49 400
51 600
41 400
43 400
27 300
43 500
43 500
49 400
47 500
45 600
51 600
51 500
49 500
47 500
51 600
43 500
49 500
49 500
41 400
45 500
51 500
53 600
49 400
51 500
51 400
49 600
49 500
51 500
35 400
51 600
39 400
51 400
53 500
49 400
47 500
41 400
51 600
45 500
49 1000
45 500
35 400
43 500
51 500
51 600
47 500
51 500
55 600
41 300
35 300
45 500
51 500
47 500
43 800
41 500
45 1000
53 700
47 600
47 400
53 700
49 500
45 700
51 1100
51 500
49 300
43 300
51 600
53 400
41 300
53 800
41 300
47 300
53 300
47 300
55 500
53 400
51 300
53 500
35 200
47 300
45 300
41 200
41 300
45 300
51 400
41 200
47 200
49 300
51 400
51 400
47 400
43 300
45 300
47 300
49 300
47 300
51 400
43 300
39 200
49 300
47 400
49 400
49 300
33 200
49 300
51 400
47 300
51 300
41 300
47 300
43 300
51 400
49 400
45 300
43 300
53 300
47 5500
39 400
41 400
53 800
47 400
47 500
41 400
47 500
43 500
47 400
49 400
51 400
53 300
49 300
51 400
47 400
47 200
49 200
45 300
45 300
55 300
39 200
43 300
31 300
49 300
41 300
45 300
51 400
43 200
49 200
41 200
45 300
51 400
55 400
47 400
51 300
45 300
49 300
43 300
45 300
49 200
49 400
49 400
45 200
43 300
51 400
53 300
47 300
43 200
41 300
51 300
41 300
45 600
53 400
49 300
49 400
47 600
51 300
53 400
51 300
49 400
51 300
41 500
37 200
47 400
51 400
49 300
35 200
53 300
47 300
49 300
33 200
43 200
53 400
49 300
53 300
51 300
49 400
49 400
53 400
45 300
49 300
47 300
49 300
47 300
51 300
51 400
43 200
53 300
51 300
45 700
41 300
47 200
49 300
49 300
49 300
47 300
47 300
47 300
47 200
37 200
43 200
53 300
45 300
39 200
49 300
53 400
41 300
39 300
47 200
45 300
51 300
53 400
45 300
43 200
49 400
51 300
49 300
47 300
45 300
49 400
45 300
45 200
47 300
47 300
47 300
51 300
39 300
45 300
49 200
51 300
51 200
53 400
47 300
53 400
47 300
55 400
45 300
47 300
51 300
45 200
49 300
51 300
45 300
35 300
51 300
51 300
49 700
47 200
49 400
49 300
33 200
49 600
47 300
49 300
45 300
49 400
43 300
41 300
45 300
49 400
49 300
51 300
49 300
53 300
47 300
47 200
41 200
41 200
49 200
51 300
47 200
51 300
47 300
37 200
47 300
51 300
47 200
51 300
51 600
45 200
51 300
51 300
45 400
51 400
49 300
41 200
43 200
51 300
47 400
47 200
47 300
45 400
43 400
49 300
47 300
45 200
43 300
49 200
51 300
45 300
47 300
47 600
39 400
49 300
45 200
53 200
43 200
43 200
47 300
49 400
51 400
37 300
49 400
43 300
49 300
45 200
45 300
47 300
43 200
45 300
47 300
47 300
47 400
53 300
37 200
51 400
47 300
49 300
53 500
41 200
49 300
49 300
51 300
45 300
49 400
43 300
49 200
49 500
51 200
41 200
47 300
49 300
51 300
49 300
43 300
49 300
41 300
43 200
31 200
47 200
47 600
25 400
47 500
43 800
39 400
31 400
39 300
51 700
39 400
49 500
49 400
51 500
49 400
43 400
41 500
47 500
45 500
43 500
45 500
53 500
41 500
43 400
45 500
51 400
45 500
51 500
49 500
43 500
45 400
41 400
51 500
55 900
45 500
43 400
47 400
47 600
51 500
47 500
45 500
51 500
47 500
49 400
53 500
41 400
43 500
49 500
47 500
35 400
53 500
43 400
47 300
53 300
49 300
39 200
39 300
49 300
49 300
43 200
53 400
53 200
53 300
45 300
47 300
53 400
51 400
47 300
51 400
49 600
53 600
41 200
45 200
47 300
49 300
49 300
49 300
49 300
47 400
53 400
53 300
49 300
43 300
49 400
49 300
45 300
47 300
43 200
49 500
45 300
47 300
41 300
53 300
47 200
51 400
55 300
49 300
49 300
51 300
51 300
45 300
45 300
47 300
51 300
53 400
45 400
51 300
47 300
51 300
51 700
47 300
43 300
47 300
51 300
47 500
49 300
45 300
47 300
49 200
55 300
47 300
43 200
47 200
49 300
51 700
41 600
31 500
49 700
51 400
49 300
53 300
51 300
49 300
51 300
49 600
51 500
49 600
47 600
47 400
53 400
43 300
49 400
43 300
53 300
53 400
49 300
45 200
47 300
51 300
41 200
49 300
51 300
41 200
43 200
53 400
43 400
47 200
29 200
43 300
47 300
43 300
43 300
53 300
49 300
43 200
45 300
49 300
45 300
51 200
49 300
39 200
45 300
41 200
51 300
45 300
39 200
45 300
53 400
47 300
49 200
47 200
49 300
51 300
51 400
45 300
51 300
47 300
43 200
49 400
43 200
47 300
49 700
43 300
43 200
53 300
49 300
43 200
49 400
49 300
45 300
45 300
47 300
53 300
53 300
47 300
49 300
45 300
51 200
43 300
43 200
49 300
45 300
53 700
43 300
49 200
47 400
49 500
47 400
45 200
41 300
47 300
49 400
47 300
51 300
47 200
41 200
43 300
49 400
47 300
45 300
41 400
51 200
43 400
39 400
45 1100
37 1100
43 800
49 600
37 600
51 600
53 700
41 500
53 700
43 500
49 600
45 500
47 600
49 600
47 600
41 600
39 500
49 600
45 500
37 400
47 600
49 900
53 600
43 500
37 700
37 400
49 500
45 500
43 500
47 600
39 500
45 400
49 500
41 500
49 500
47 600
45 500
49 500
47 600
49 500
43 500
45 800
49 600
53 1000
53 600
43 500
37 500
49 600
39 600
39 500
51 600
37 500
49 500
35 700
53 500
51 1200
49 700
43 300
49 400
49 400
45 300
49 300
47 300
47 600
41 700
49 600
43 700
51 700
47 700
51 900
43 700
51 800
53 400
47 400
51 400
43 300
49 400
51 300
53 400
45 500
51 300
51 400
43 200
43 400
43 400
47 700
51 800
51 900
41 500
51 600
45 500
49 500
51 500
51 800
53 700
33 400
49 700
47 700
43 700
43 800
47 500
51 500
51 500
51 500
47 500
35 500
51 600
39 600
51 500
47 900
43 700
51 800
53 800
51 1100
49 600
53 600
45 700
43 400
51 500
49 700
31 600
41 600
45 1000
47 500
47 600
31 300
51 900
35 900
43 900
47 800
51 700
45 600
41 600
49 700
55 800
41 900
47 1100
41 700
37 700
49 900
51 900
29 700
43 700
53 800
49 600
39 600
49 900
47 700
43 700
47 500
41 400
49 500
43 500
51 700
43 500
45 500
43 500
49 800
49 800
47 800
47 700
51 600
45 700
39 600
49 700
43 900
39 600
45 900
47 700
39 500
43 500
49 800
43 600
51 1300
39 600
35 600
45 800
51 1200
51 800
49 800
47 700
45 800
51 800
51 800
45 1000
47 700
41 500
37 400
49 600
43 500
47 500
39 500
49 700
47 400
49 600
51 600
51 600
47 600
53 600
43 500
43 500
45 600
43 900
47 800
51 600
45 600
49 500
49 500
47 500
49 500
45 500
43 500
51 600
51 600
53 800
