10000
4339 5985
915 4682
4899 6637
2208 8977
1508 5102
871 6114
2198 3052
1002 1770
577 4901
209 3681
5457 9150
1268 8788
1703 4540
4955 5741
2718 9848
3410 4562
2087 9858
2143 3786
4756 6013
1400 8205
1412 3902
30 1469
923 3695
118 4304
8605 9916
3346 6219
6746 9634
1022 5502
4904 6560
8700 9339
4662 8932
7715 8689
2096 6262
3711 7026
2072 2971
7160 7596
1538 5871
5308 7906
4146 7412
4607 7219
134 3175
2475 7799
5351 8564
4297 6543
296 7057
7980 8205
5924 9171
3941 5072
625 4286
4396 9214
9275 9896
571 4086
6690 8353
985 1289
4141 9947
4742 9159
5812 6199
396 2979
905 9696
1877 3676
4348 9113
4788 5972
4713 9923
1296 6304
6811 8222
2097 2785
997 4347
4873 8996
6777 9391
2895 7659
1882 4227
1598 2776
405 6478
4668 9838
3476 7295
2890 4958
2000 8271
6294 7484
3679 8672
2458 7532
4217 6278
5188 5761
204 6301
618 5319
1506 9541
7777 9446
1273 5748
4185 6286
6457 6567
3853 5544
6864 8713
471 4017
3871 4331
3865 7841
4421 8647
1350 9883
7096 9569
2603 5976
5048 9684
1486 9346
3985 9774
3771 5544
713 5649
6807 9806
7155 8975
2626 8066
1736 2131
4391 7368
2951 8662
3656 4880
5357 8085
2455 7335
5539 7214
6431 7812
6970 7645
2336 5051
8862 9836
350 6942
4053 9380
3214 9884
5597 9648
4539 5221
8372 9695
1999 8410
8307 9505
639 3205
25 4054
3325 5400
751 6327
1419 6995
2555 9080
4209 6540
3645 8435
1930 3681
3046 8883
4519 5284
4749 5771
3562 9950
1905 3154
325 5263
2007 9044
2209 3652
422 6243
3396 8501
1692 5617
448 4449
6298 9249
5842 8966
336 8111
577 7719
1383 8180
2190 2680
19 5942
2447 3777
71 1990
4286 7506
3636 7902
3299 6239
1851 4250
933 4220
2774 2953
6283 8856
1479 7270
1789 7859
4401 7771
2701 6792
1337 1365
780 7615
3373 3813
6545 9797
3447 4056
4823 7979
3953 5482
1638 7975
1 7623
5892 6623
4589 4889
2787 4758
3932 5741
5248 8738
5532 8426
1768 7280
6351 9638
25 1103
451 3729
8488 9823
8197 8711
6632 9994
962 2902
1073 7607
337 8607
7392 9986
809 5014
5399 6399
4473 6681
3045 9564
4623 7725
4567 8497
8305 8672
2926 5229
1724 7323
1964 7417
1321 2452
5458 9987
6918 9995
2523 7723
7949 9414
1596 7100
4626 7771
3144 5029
1502 2315
248 8575
4381 5847
2860 6616
2772 2983
3498 4096
1837 6926
3381 8049
7051 8390
2701 7847
3543 9096
2817 3995
3932 7982
5755 6420
3030 9429
5279 6574
0 4449
3689 8196
2029 4293
375 8237
1616 7964
5713 8573
6441 6493
2012 5764
189 3799
4506 7769
4140 6928
2967 9956
1828 8655
7082 9380
2092 3054
4642 7605
1852 7528
4587 4866
333 1378
3602 5156
3685 8816
2550 5937
3042 3504
1296 3701
3506 8591
5885 9073
2367 4837
973 2278
5126 6817
132 4212
4358 6373
1405 5900
609 2258
5345 9680
4174 7151
2306 4423
3244 6748
1433 8125
3137 4581
3751 5994
277 3661
3307 3563
5050 9982
2781 2867
4862 8412
336 8593
2291 8582
229 2606
189 275
4654 5722
2773 7678
1514 1921
2423 6156
7172 7484
3521 6941
1833 8731
1432 9616
1965 3189
8080 8436
2268 6950
5443 6263
1410 3438
6404 7466
3067 3754
3535 3874
692 2314
437 5800
6669 7774
811 9660
4124 8305
3723 8707
5645 9060
4121 9087
6464 9308
250 5364
774 6610
5475 6360
6938 7499
6234 8683
2138 6598
5800 6197
2622 5953
5102 9093
841 4706
4584 8602
2516 9187
8652 9020
3351 6592
1425 2898
3254 5192
1165 6105
2023 3932
7997 9760
1763 7170
4103 7257
6680 7181
4955 9008
2074 6278
2019 7688
3565 9769
588 3595
985 4190
5664 8723
438 957
5308 7995
2025 4574
2503 8925
7084 9103
3371 6829
6579 8091
577 2366
3430 9171
1671 6187
2058 9589
5054 9473
1419 9333
668 9819
3535 4570
1184 6500
4937 8397
648 9288
3298 8994
3134 8895
3160 9698
2733 5914
766 3490
7881 9188
5236 9565
4811 6620
5330 7931
1210 7075
2323 5347
710 2612
884 1124
3192 4131
2900 3103
7191 8582
317 5857
4650 6367
2829 4494
3219 5247
4389 8393
3113 5938
2011 7051
2306 6698
6591 9332
5008 9984
6591 9860
1320 6417
3982 9362
2144 8338
1057 6383
453 9551
3742 8673
3295 4050
6171 9425
714 2332
305 8697
1395 5972
2969 4087
2794 7060
569 7163
2036 2505
5246 7273
8320 8916
37 7170
2483 7022
3921 6365
925 9414
2900 5753
3846 7129
117 1281
1628 9286
5482 6046
4057 9858
4320 8530
58 1534
6717 7881
2298 6918
4675 5241
100 3308
1047 4978
2134 2519
99 3506
2526 6355
335 597
3926 7959
5731 8509
3658 4218
3969 6049
1360 7901
7460 9751
842 7696
665 7020
7108 8082
2229 9656
122 431
4815 8425
5256 6607
1631 8070
4537 8479
5758 7888
4441 9633
982 1497
885 3252
586 791
6353 6547
7821 9110
323 4782
658 5195
9507 9527
2449 3966
6539 8776
3525 8484
2548 2955
2476 3456
5547 5730
5739 8738
6364 8196
5372 6015
872 5562
2367 8567
3149 5359
2081 7058
996 3179
4827 8266
2402 6818
2790 4037
559 748
4332 4556
7712 8405
2623 8904
4621 9618
356 3986
1428 5962
6968 9255
2022 3141
3219 5429
5987 8206
1950 8671
4593 5886
3705 7274
4882 7738
1827 5504
547 8193
3109 9423
1475 1717
27 9380
2194 8190
2345 9982
970 1671
4279 6007
137 6374
1852 8436
8093 9657
5731 6400
689 8286
2064 4036
587 5428
3622 9968
2615 6442
2991 4385
144 2754
4286 8706
2180 4811
6884 8751
181 244
8432 9566
4042 5539
5491 8140
2300 4619
8377 9338
3030 5196
2709 9797
160 2441
2672 5622
6945 7612
3152 9182
4393 6460
8973 9054
2238 3765
5081 9445
1503 8390
4814 8144
2986 5539
2757 6894
7017 7617
1903 7116
1221 7562
1603 7547
699 2785
5564 6157
36 2988
6472 8016
678 9194
1689 7704
1856 3064
306 1949
725 2513
4326 6687
4597 5069
1340 7371
976 8301
6448 8164
1665 4894
5567 6758
1701 2492
1691 5612
145 7211
8079 9701
6248 6473
3320 9606
2848 9819
4230 5784
1180 3518
1350 6976
6594 7044
2891 8864
4505 5432
948 3352
1304 9907
3648 9462
8011 8167
5917 6283
2566 7633
574 6128
954 8916
3518 8711
756 9719
2711 4167
1454 3107
5402 9037
3853 8652
3072 3423
981 5677
3604 4838
1682 7836
2109 7701
1479 1840
4848 8005
1761 1810
744 4246
2600 9653
1818 8677
2692 5074
6506 8239
1960 6213
2556 7785
2767 9123
53 8558
1310 4385
3891 8373
4287 9471
6292 9106
257 3166
6771 8795
1604 1884
1402 7909
9075 9936
2414 4903
6088 6934
8372 9898
4664 5269
3930 7604
3634 4482
2412 5522
1619 8149
993 4190
5708 9384
2579 7373
615 4122
969 1087
2745 6856
1519 6440
2699 7558
1964 8547
2269 7403
3286 6531
243 2062
7512 8589
4753 5565
2421 7221
6551 6770
7264 7853
544 1393
1842 6263
1239 6203
2125 7912
9838 9980
6873 7671
7264 7560
6352 6573
8342 8628
3648 5747
245 9574
122 7649
7822 9762
3884 6567
6104 6660
3607 4193
6377 6973
484 992
44 119
3764 5007
3873 6065
6856 9829
6247 6771
4617 9645
220 5649
2319 7279
2541 5531
1872 2111
5285 5795
677 9127
4644 7093
3576 7529
1975 5427
1768 4353
3478 7997
3852 5789
2234 6041
3208 6490
6265 8111
2837 5055
1167 8737
2098 3453
1087 6650
3135 5824
1820 9356
7195 8871
5240 6124
5007 9348
5023 9537
6536 8432
8070 8329
5032 6689
1212 4079
1352 3940
4357 6061
5464 7206
3638 7432
4426 5420
4484 9079
4003 7759
4690 4893
2754 4956
138 5359
6216 6424
1144 4925
1658 3603
1882 6032
5337 6998
1010 7212
5976 9281
2703 9695
3096 6657
2214 8486
5707 6783
3971 4412
3120 6251
1824 4648
1462 8054
5060 5923
6251 9889
2799 4521
2662 8339
3981 9474
1229 1401
3258 7453
4957 5201
6860 7204
296 4121
6964 8380
775 5063
2785 9328
6938 7802
4058 8552
6098 7659
5769 7140
559 3870
1968 4273
706 9682
2303 4118
3962 4173
1017 6414
3585 9438
2346 7060
5445 7425
3443 4210
391 4152
1245 4513
184 9686
891 5594
1182 5210
7144 7713
7223 8580
8112 8560
3450 4810
734 1942
7132 7204
1295 2422
23 8014
2414 3000
6940 7131
2865 9383
2705 7789
1249 9168
5506 8364
8146 8292
1984 6269
4752 9410
3832 7759
6743 9997
768 2771
4201 7854
241 6997
50 147
6306 7928
882 8948
1571 4976
8130 8477
1166 1587
4219 7069
2628 3400
102 7689
5485 5761
3239 8922
6497 8973
2360 9882
5768 5900
430 4435
1987 6940
2711 9707
1707 2480
207 3695
384 9824
972 5970
4844 7657
7072 9593
505 3374
650 4322
3380 6155
1314 8137
8515 9272
1623 3400
3171 8880
5178 8217
2301 5846
6313 9162
3607 4090
4849 5287
1177 1987
4186 4888
568 2415
5393 6560
6345 9916
8872 9779
996 4738
2146 3994
1166 3705
2390 3964
2536 7968
2651 5761
7057 8799
6295 7347
4144 6346
5731 9327
1044 2498
7143 7177
5830 8610
1268 7392
153 1242
2518 5344
3393 8708
1006 6098
5159 8188
6439 8873
72 6613
3960 6709
2552 3246
2021 2977
8935 8968
1293 5662
6982 9317
3108 7254
439 3619
4063 4348
2818 7125
1871 5267
873 5855
2441 9795
3223 6239
4217 7941
232 6310
615 6797
3311 6759
2583 8475
6680 6902
3718 4923
1002 4042
2040 5094
234 675
5867 6079
4489 8585
8863 9770
7157 7575
689 1015
5191 8199
7883 8834
2471 7280
1632 2244
474 9211
1402 9999
6427 6738
6465 8737
1801 7049
1134 6564
5931 9954
4575 8550
1104 4433
2948 6311
1628 2820
1135 5069
2965 5590
2557 9200
962 1198
3382 6415
3757 6381
4134 9167
5766 7212
832 5925
254 3819
4185 9935
7871 8778
992 6941
4196 9524
1305 1501
3996 4622
478 1737
2219 3731
5559 5806
115 3116
3768 7142
4921 7059
2929 3424
796 2933
7165 9041
2494 8670
1647 6709
2077 5493
4137 4346
8927 9794
8301 8780
1969 8616
4055 8193
6290 7153
5687 8643
182 8295
689 4770
1942 4432
864 1237
1685 7507
5950 6039
1913 4581
2246 5874
2199 2469
2213 9807
5317 9096
6718 9311
5887 9595
791 9316
2404 7701
4772 7746
2224 4684
742 4949
629 5038
8974 9699
2543 7365
6403 9432
535 8624
1287 6490
6607 8946
629 4298
1477 9034
7122 9739
1169 5256
2594 8543
1253 4265
6225 8031
345 3127
5611 8760
1026 7932
3051 7352
4362 7505
1911 3607
4868 7941
5821 8388
6827 7541
2360 9365
1992 8644
4109 8084
6196 9509
1555 5926
1946 2152
1321 1384
95 6397
8040 8240
5101 7558
163 2300
2379 7827
6189 6425
6098 6356
7733 9967
2761 8970
421 8657
6259 9125
8555 8608
2997 7979
2455 5878
7135 7270
824 8418
2664 7447
39 4679
732 5334
3152 7341
2839 5059
2433 2818
1396 4888
812 7006
9696 9974
6895 7905
2856 7537
3670 7899
307 6145
2453 2741
6047 7418
4504 7337
2781 8954
6439 6574
4400 7525
1573 3655
1531 7910
7672 8190
4812 7675
1665 2620
2098 9479
5677 6181
210 9197
8396 8592
2485 6607
1045 1076
1953 4127
993 7454
6287 8184
4518 6501
2551 9443
3108 9019
140 9416
823 3121
3009 8055
4626 8237
7947 9188
2927 4444
5986 6357
2282 6637
931 8865
1292 9694
2100 7053
7172 8186
1295 3274
2996 3629
1389 6228
2056 3947
8261 8610
1363 2444
3965 6680
1662 4571
4961 7311
1930 4690
2517 5843
149 3748
1594 8002
3711 8015
2232 8766
54 550
5449 8417
3084 9168
1655 3627
2986 7665
261 2356
7340 9989
3274 7032
213 9656
12 4082
4945 7103
6065 7855
815 820
3425 7420
2454 5147
6082 9575
1156 1169
2083 5140
6 6362
3117 4077
3728 9749
1527 2790
1910 9803
7369 9017
6354 6566
5039 5789
2615 4651
7424 8437
765 1374
193 3218
7470 7973
5465 6754
3451 8698
732 4240
2149 7829
8232 8608
1948 3181
421 4059
5143 7094
619 3684
5834 8255
2793 3975
751 5306
3473 5983
699 7154
1099 4764
1697 9216
4325 4809
620 2955
4276 6074
1477 6666
1344 8205
1015 3104
87 4203
3307 6702
6603 8765
4197 8316
3532 8679
1873 4506
4442 7047
802 9969
2410 9264
1725 7033
5762 7769
6276 9069
459 1491
2366 4103
8284 9786
2240 4224
5538 6762
6858 7866
1151 7456
517 3122
1495 6905
4000 5368
2445 5866
489 4094
529 9870
2472 5586
6545 8989
2245 7585
3931 7221
3906 8716
5318 7811
999 9304
2203 5916
4927 7484
436 7135
1838 8264
1201 6266
247 3098
4186 4728
2296 9492
5784 8092
3354 9126
8251 9326
7539 8866
791 3784
691 2138
1054 7943
1564 3967
4228 6879
282 7913
692 1465
2505 5107
3398 3974
5342 7472
6470 6525
1628 4207
538 6873
2097 3446
75 8647
4160 5667
5621 5885
4493 8884
7011 7051
3509 4922
5894 8174
4447 9598
2011 3410
1626 4196
3893 7954
3225 9250
5140 8879
1676 6568
1197 4777
1853 9006
4276 9700
1061 2557
1038 5318
2390 4734
7068 9319
4336 6959
4150 7787
3785 7748
1456 3943
1031 3182
349 4988
6435 9783
2148 5145
3306 7434
6209 9179
2032 5360
3062 5543
3731 4710
6363 9724
7195 7801
5080 9205
7670 9391
7126 8345
2835 6743
3127 8790
5960 7015
3447 9488
3167 7969
509 2515
338 2042
1145 7377
3740 5973
3147 4306
1192 4285
3692 8974
197 2303
2159 9718
2451 6485
1642 8304
8135 9081
1281 7134
1493 7386
1357 3980
2836 3685
597 3794
502 1179
779 5701
4024 9229
3961 5296
2001 2810
2760 7735
1291 9928
2832 6834
6243 8786
2244 6601
1700 9637
4049 4707
1312 4851
4358 4410
7880 9992
2574 8038
1695 2053
1363 3431
6473 8082
2032 3930
4201 4599
2715 6147
1343 3976
560 9539
1028 6950
4362 8186
1916 7534
3436 5612
3719 8685
2702 7233
1908 3994
6253 8750
747 1661
5408 9211
638 5894
1784 5258
3121 7343
1794 7583
6318 6736
410 7723
4630 4948
4730 7297
2026 5409
852 3605
1050 8354
1942 4022
3609 6922
2683 5371
2661 4674
8951 9963
3264 5453
1629 7181
515 6340
3192 5223
4066 9205
8168 8636
4044 6369
3316 4218
282 2010
3989 7037
4203 4861
9638 9700
1497 8408
7708 7782
1735 4441
1337 2308
419 2098
507 8234
8405 9037
5618 8939
7335 9574
80 7711
1559 2921
4223 8070
1065 8836
4066 8421
4843 9420
2596 5249
4642 9745
2925 8411
464 1223
6479 7492
1512 9960
6454 8328
811 6678
5146 5886
5852 7655
2455 4529
9012 9811
1740 9453
3552 4220
2923 9163
6861 7881
1011 8504
7204 8364
2496 3493
5163 8696
2698 2737
1314 5188
1941 7733
7027 9401
4625 8532
5441 7268
1568 3485
2324 5833
1830 2651
609 2190
3712 5675
1395 6581
3736 8829
3750 6518
2613 6667
412 6629
287 9868
1342 4822
4559 5708
2341 8906
4024 6756
5108 5656
5075 7933
632 3874
2295 4152
4543 9475
3694 8406
504 4554
3653 6682
1750 7791
3920 4620
2098 9982
8694 9325
4393 7517
3330 8503
7029 7835
263 5458
2271 9761
5405 7363
3891 7928
3678 5443
1646 8711
87 2805
5554 6020
5115 6119
3212 9468
2937 8734
3615 9825
1072 1802
3673 4659
3354 4031
1656 7849
6417 7797
2047 3440
2958 9773
1005 4602
3254 7710
1613 1774
3531 7670
1666 1818
5772 7907
2042 4175
7061 8147
1564 9773
4145 9571
1845 6577
5917 6077
2031 3054
6495 7851
8005 8218
2027 6309
2328 5243
5048 5509
7493 7593
609 9452
207 7797
2858 3181
2166 5765
1260 6126
3705 5160
1017 9866
5005 8822
5292 6814
3779 8807
122 8378
3998 7956
3447 4185
1357 3876
7646 7648
1812 8770
1611 6296
1335 8144
3995 7579
7272 8579
1589 4618
4597 9529
3114 4133
1311 8789
879 8976
3258 9180
1415 9384
1363 3161
4330 7513
1355 5201
7033 8041
968 4947
6429 8972
3911 6354
594 7783
5349 6910
5354 7155
1921 5436
7055 7352
1453 5500
798 1584
8091 9801
4261 5280
2773 3632
2645 8290
3732 5854
2428 8561
149 636
2987 4257
1316 5291
6238 8077
5222 7471
3450 4578
4395 8668
96 3777
1714 1799
1583 4569
6054 7355
6352 8297
5420 6781
5709 8472
232 6834
4483 4536
2843 3464
2214 6779
2654 6866
1721 5250
2135 7819
3513 4954
372 6771
4995 8274
842 7733
7911 8357
8072 9955
2170 7933
713 4447
6731 8999
215 5866
4259 4465
8485 9288
3585 5291
5318 5348
4069 4518
3698 9408
3318 8245
1355 7662
2335 5176
165 5693
243 546
4203 9546
2552 8836
8872 9795
7572 7601
413 2262
2681 4251
4337 8052
6422 8191
3410 9822
436 5565
3151 8332
607 9541
4359 4401
5340 9671
7012 7244
5000 5046
772 8146
2833 5102
4036 8718
3685 9420
1954 9528
1915 4516
2931 9119
1878 3347
3316 4495
7767 7828
6220 7472
2101 8125
2421 6806
9329 9530
4558 8533
3551 7409
1871 4726
3662 6895
5951 9653
802 897
3871 6490
3968 5695
1991 9083
30 7830
3935 9346
3934 9294
2751 8866
4502 9528
63 3120
6279 6742
688 1685
2114 4239
256 7691
6256 7643
4540 5511
5048 5217
3958 6057
3545 3870
2101 6871
971 8627
818 1862
4541 4645
4469 4953
2930 5158
5827 9604
5648 7878
3992 4056
1758 7517
1900 8707
6226 7645
79 5011
2794 3028
9198 9432
3958 8550
2707 5483
6974 7306
6173 7919
2576 5542
35 7520
2031 4270
1267 8678
6856 7804
3459 8794
2442 9865
3222 8850
1281 8815
2459 9917
3012 5648
4442 7056
9001 9487
1139 5729
4560 9754
2122 4398
6352 7626
3156 8598
8764 9228
13 1979
3659 6496
4059 4512
5934 5953
2600 5470
5215 8130
2160 5571
782 2127
78 5568
547 2775
1161 5435
3489 4006
3636 7128
2432 7535
8395 8654
3385 7603
1190 4077
954 8429
4581 7706
3024 4601
1609 4339
8273 9712
3572 4069
734 1375
2585 6883
3007 5078
383 4782
1846 6977
1568 3739
4038 9438
7545 9220
3070 6610
4288 9731
1895 6650
975 4659
7844 8771
5702 7341
3748 5668
1508 9264
3118 6647
7489 9860
3363 7290
1235 3086
3316 4004
8359 8829
2082 3944
1454 5073
3020 5066
979 9201
1273 5592
3777 4283
3337 9419
4796 5267
2354 4160
7050 7413
854 4072
3317 5985
925 3470
5543 6976
3771 4069
1534 6345
8620 9588
3925 9344
64 7858
508 4988
1808 5973
3654 7812
3774 7294
3308 6161
590 8483
6437 9798
3972 8773
1373 4214
4997 6865
3839 8839
2287 5608
1623 2550
3372 6255
1506 7719
2905 8765
1129 7522
6882 8249
5159 5317
2335 4669
8943 9909
1555 8688
3094 7200
4401 5644
7992 8355
5044 8439
735 4197
1515 7947
284 3770
4250 9591
1441 9507
21 618
1288 6114
6560 7795
2208 5470
1203 9569
2402 6908
5346 8630
713 8324
813 5076
266 5967
3357 7894
5799 8591
6081 9725
947 6631
1807 6500
6209 7092
2169 5866
6133 9573
2639 6035
578 3308
2500 4147
2137 6691
1961 5505
1724 7825
2509 4634
995 3043
219 7200
6108 7775
3828 9468
812 1945
1834 7479
1001 7471
2437 4589
6551 9295
2235 8057
6057 7330
1614 5679
3338 7323
1890 6697
1425 3690
275 8769
165 7155
1571 6616
3032 8690
160 8055
2148 4283
5429 6503
2579 7391
1 3808
1337 4223
2557 4024
1477 2726
4759 8313
1661 5044
285 8054
583 1139
2237 8531
5253 6778
3218 9179
914 3536
539 8046
1050 9099
1434 3519
5228 6403
2102 3577
2354 7822
248 1027
4693 8646
3058 3307
7918 7966
158 8131
522 9036
806 5183
818 6337
1925 3299
4713 9884
5189 5787
1402 9649
3431 7396
2422 9201
5487 8601
2163 7573
4528 6135
160 6879
2597 8293
880 6644
5530 7478
2758 6762
3986 4473
823 3500
7843 9022
1546 1891
858 1473
3092 4653
3891 6718
1669 9781
2891 9829
1369 9755
484 4291
7998 8041
1802 4212
4726 5005
754 6763
1845 2873
3175 9385
554 1900
8046 8187
4010 4720
531 6240
4386 6798
824 3070
166 9789
1120 9433
7005 8189
5130 8449
6820 9002
273 5797
895 1880
4109 5618
2396 4585
3878 5000
1258 6118
632 9016
8325 9169
8159 9262
4349 6198
6838 6931
3788 8535
4597 5326
3803 5106
2981 5185
5321 6551
4701 9978
7821 9644
1777 6101
1763 6591
6906 7866
878 5582
6477 8048
6813 6931
286 2940
6173 7942
1253 5488
5379 8709
903 8695
5120 7336
7569 9383
2501 7424
562 3496
2875 5653
344 2643
3469 4138
2006 7926
1096 7150
2292 5780
5496 5757
947 9808
2475 2683
3322 4370
5006 5128
5351 7485
514 870
1037 5821
1941 9288
399 8944
3740 9250
7329 8951
3335 8404
2064 4887
3509 3562
5249 5725
2935 8367
2773 8266
2900 9903
9810 9998
875 7823
2689 7767
4111 9617
3038 6470
3167 9623
1704 6198
5340 8213
441 1200
5688 6791
620 6273
3213 9492
649 5442
7016 8423
1408 9957
309 7611
3681 5847
1547 8833
9154 9752
3032 9110
2624 9794
5550 7083
5001 8653
1909 5065
137 2915
8629 9167
4674 5180
1152 3815
4707 7438
488 2740
3741 8368
4028 9971
644 5843
3010 9129
6202 7123
4963 6063
7345 7845
1261 8788
1489 4893
81 7365
3067 3965
4177 4215
4004 6527
5211 8156
5374 7039
6533 8473
391 8151
4363 8667
9154 9293
223 6079
2763 2847
1750 6904
4215 6483
4333 6527
2974 3078
6465 8508
715 9362
2172 7046
1303 7489
2349 9379
8983 9435
3498 6136
1676 5977
7842 8537
5479 5774
5196 9371
2205 5281
6440 7864
3478 7809
1639 6019
4629 7500
250 8504
2160 8947
6521 9450
7256 7979
2946 4869
2118 6502
3619 3636
2115 7849
4958 5710
4918 8842
1999 5006
1796 6775
4897 5491
2525 7433
6772 8299
2896 4997
2162 3394
899 8006
8150 8447
104 1657
2193 5774
3781 8329
7244 9800
3120 3222
418 8240
1880 5905
7896 8171
4666 4773
2998 6578
1216 5347
3782 6230
398 9357
6319 6781
4808 9749
2395 5407
8129 9007
571 6151
1644 5654
1804 8161
3639 6180
5881 9241
1438 1607
2092 3492
4274 5418
1582 5352
1688 7304
352 6580
2351 9223
1727 6707
1945 6948
995 5551
8048 9514
2746 8703
7529 8077
1414 5106
4437 7976
2519 5208
1857 5238
6399 8377
1364 9655
3000 4042
2407 6964
8308 9769
4258 9716
1487 9825
6173 8757
1752 4804
4082 8156
5076 6903
1488 8673
3632 5878
92 6840
712 2199
764 9511
211 7039
1838 3434
7708 8423
2163 3088
1454 7285
2512 6147
5572 7006
957 4358
1348 8475
42 3887
176 5047
3271 6209
5847 5938
4826 8976
847 5920
7366 8281
2179 2830
828 6696
3223 5987
2476 3316
1086 6426
3849 3881
175 7366
5824 8939
663 2449
1294 3241
5735 9082
6685 9487
180 8816
5869 7013
2843 8072
698 3240
939 6514
540 3600
5737 6457
3793 9177
3108 8437
8119 9883
5082 9270
8543 8956
3012 6448
6310 9343
2729 3008
1887 8733
846 6505
4029 6242
4412 8972
5624 7861
6716 8670
1345 4496
4050 4981
3207 4542
1647 5147
2719 7600
8475 8913
4110 5593
6591 8093
4428 9717
6149 7788
4746 4929
8116 8256
1279 8858
4564 9929
1963 3207
997 9015
7698 8076
781 3051
2451 8841
1468 1814
1588 2286
1362 4268
729 6217
4151 4732
1294 1412
1927 9045
4613 5739
7494 9148
4100 7426
2029 5697
4420 7943
1417 5534
845 1727
1483 6524
1579 9557
7468 7878
101 5418
2440 3596
522 6113
5858 7087
6513 8914
803 2829
2296 6218
698 1867
3591 6587
7457 8157
7639 8230
2586 2648
665 7760
4312 8069
181 2214
3297 3595
176 3912
3114 8813
2568 2886
4642 5402
188 8179
2677 5887
4658 7912
2159 7959
460 4887
1089 9522
6434 7426
2222 9085
5271 6880
6944 7390
585 3359
5323 6332
4482 5226
6379 9984
5324 6481
4295 7857
2269 2843
5538 6370
2175 9986
2949 6653
2343 9271
5063 5915
2412 4415
3831 4209
1665 5585
1674 8248
2842 6772
3349 5096
2996 5125
3881 6641
5541 7707
3855 7682
2765 4582
6720 7204
2835 9020
5815 7588
690 5020
3657 7998
8002 9511
4152 4576
1614 3368
4538 6476
5123 9262
2544 8863
1200 8795
1604 5476
4124 4821
1145 6127
4988 5435
3597 5021
1363 8476
3121 5614
3663 4657
4109 6035
1725 4134
7437 8658
227 2199
8616 8796
6925 8644
516 4753
5950 9294
1933 6651
586 6512
9 6723
1306 2610
3050 5323
4534 7072
6347 9059
4759 6156
1489 5902
2056 6884
6514 9782
813 4740
6818 7169
1092 7922
1341 4262
933 1409
1733 9109
8515 8882
953 1151
7852 9351
5710 7870
4053 4597
8760 9804
553 7001
6471 7184
6632 9284
299 7628
1426 5860
3222 9582
2537 7750
5933 8139
908 1735
538 754
4098 4356
4585 7306
2730 7292
173 7086
217 1940
6870 9583
503 1206
997 8402
8260 9702
7046 8974
1117 9451
1442 8811
4975 5890
1535 7153
1271 8420
3452 8935
4711 5535
3538 3872
3802 4238
5300 9402
256 1441
3287 9879
8256 9825
1285 9873
696 2523
5089 5966
1141 5292
4427 4749
2278 7050
4318 4749
502 3042
184 9784
2417 9141
6083 8219
1572 1850
2329 5756
4207 4704
7037 9365
3277 6135
4344 8084
8273 8459
5906 7054
1818 5248
96 5903
8739 8817
2347 4331
3093 6992
6817 9834
5184 7246
1494 7539
4850 5542
542 5570
6615 9594
3884 6332
8791 9516
4640 4896
6029 9357
3930 6184
4253 9622
4128 8727
1924 9988
2229 7872
5469 9874
2094 8103
2994 8590
2929 7470
786 5019
593 8040
4438 6021
3624 9153
1739 2304
612 1912
2422 5435
1454 1901
753 9798
6564 8155
3849 5588
7455 7825
410 4390
1324 5573
1229 7650
6644 9383
5729 8981
1227 5053
2058 9614
3050 6066
4914 9479
4863 6163
3763 5783
7125 7854
1934 9210
4944 6594
3674 5368
341 434
1136 6585
3915 6034
4813 7934
960 2925
4557 6360
1417 3673
2912 3793
399 8487
4749 7689
6761 8390
2796 9730
265 2484
6524 6593
6485 8865
1643 6055
1645 6375
7067 9394
5375 7464
4088 8546
200 8579
2909 9656
7126 9014
592 7352
1404 7712
9178 9208
2643 8711
2830 7647
2074 6818
1159 4263
3459 8964
258 1371
3193 3379
1335 9448
8132 9583
8093 8349
4864 8998
1112 1573
1950 8222
425 6571
3587 8368
1014 5372
503 2817
3675 4957
6310 7801
3702 7863
1720 8662
6244 6258
1488 2879
665 6510
4221 4548
4264 8708
8030 9106
1131 3640
7549 9673
6430 6956
7998 9443
6495 9851
8740 9105
1197 7522
246 6336
198 7472
1554 8778
1583 7035
778 2201
565 2604
1936 8683
1130 8231
4255 8699
5536 7807
2099 9151
155 8086
4653 6588
4989 5758
1388 4322
3115 5784
653 5312
7634 7908
252 3743
1555 9551
8303 9559
2603 4049
3506 8174
4844 8686
4183 4345
3801 5714
2362 7408
5951 7038
629 6787
641 5822
2214 5351
4162 4548
932 1466
3987 6757
7659 8173
1752 3359
3832 9785
4319 5869
2586 9966
3052 8567
928 4502
2582 8977
8535 9940
3608 9433
2638 3529
5512 6065
2077 2722
9109 9897
3657 6853
6581 9071
4572 5606
6489 9501
6541 7696
2268 8062
3434 5956
4053 6381
7943 8154
674 9800
4962 5910
330 6163
437 6156
992 6201
1407 4023
1985 4917
8995 9429
8436 9094
6433 6933
2570 7926
3447 4917
388 1553
4055 8235
1696 3185
1444 3889
1070 9484
2952 9951
8843 8966
4662 9781
6761 7496
1168 3811
9 5705
5566 6187
2998 8593
1941 8917
464 2514
1531 8010
321 7181
8766 9902
721 9698
2401 4416
419 4530
4395 8186
2110 4408
803 4068
2069 3302
3926 8422
3887 6007
1150 1465
3016 6048
1310 8065
151 6415
1943 9530
5444 5997
635 995
2855 7634
1630 2971
7465 8770
4872 9744
5225 5676
4766 5424
5724 5889
4482 6213
2476 2509
508 3118
1649 8614
1654 2368
764 8603
3037 5234
198 9241
4366 8997
252 8709
2736 6884
682 1298
3112 6933
1916 4769
482 2142
5774 8573
311 3013
4053 8496
2594 4319
6068 6587
1194 9227
6236 9415
2717 6993
4040 8709
4808 8694
7834 9745
2446 8747
1072 4240
1382 9474
4831 5902
3460 8607
2849 9196
700 3855
4157 5959
4044 4069
361 3558
3605 8236
4967 7083
3151 8336
261 7254
1061 1460
3222 5171
5851 7676
4801 5680
1113 8512
4203 5537
1099 7730
5223 6879
7737 7867
769 5354
1208 4169
122 9896
498 821
327 8411
785 9684
173 8914
4910 5191
525 687
2474 4744
5486 7944
5388 8751
4073 9844
5516 5880
554 7097
853 4613
4065 5792
3718 9659
1585 6678
75 8724
6439 9198
5515 9433
5092 6243
3343 5174
1761 4275
6697 9066
8227 9131
1983 5045
7477 8209
316 8867
9488 9892
2838 3950
7155 9238
5824 6482
7201 8185
4451 8801
6749 6848
850 9049
3783 7186
323 689
1405 9097
7355 9698
4668 8621
2869 7522
1045 2328
1169 9117
4013 8337
7434 9321
661 5877
2431 9454
4847 5748
771 9042
3708 6883
2436 4793
1304 5550
2204 2975
4371 7953
2317 7571
2353 3283
2694 2733
3947 5951
622 3616
2260 5548
3302 9658
4388 7386
5011 5353
4142 9509
4489 7416
6141 6765
2422 8611
6520 7807
2046 9288
8056 8677
5624 9850
3071 9701
1866 5197
1707 4759
3327 6432
3881 6128
7108 7184
5186 9010
4037 4493
8530 9395
8919 9447
3611 7728
3299 4550
6939 7572
459 5447
3490 5434
5189 8737
4002 8587
5207 8377
4122 7136
3385 4132
1862 6163
1955 4854
3689 7765
9022 9685
571 7902
696 4887
4535 7844
2825 9082
1111 7523
3090 6714
5709 5783
2849 2929
4337 8732
3306 7956
5121 8002
3406 4467
3297 9271
5991 8628
7963 8734
3055 5706
191 4907
1061 3560
2116 2291
2685 2708
3325 4019
3803 8000
387 6484
2643 5838
3491 4361
4288 9694
3078 7193
5233 8410
8092 9711
1021 4739
3549 9962
1881 9223
876 9542
356 2988
2720 6165
4790 8901
7384 7643
1996 4928
324 4460
8336 9573
1816 4984
3439 4437
5384 8577
595 7253
565 7599
4348 8727
351 5512
2800 3901
4086 8843
6719 6836
3038 3506
977 4669
4523 4600
2230 7572
5666 9012
7213 7652
3812 7751
5319 5626
991 6206
2439 4028
3023 7151
3489 6606
4192 8850
5988 8080
6205 8871
5025 8090
2297 6281
3170 5640
6822 7616
6261 6821
4588 8581
6613 9970
2303 3842
8385 9310
3905 4508
2976 3217
2230 7028
4289 7626
3734 5862
4143 9135
1972 4344
3987 9092
3032 9808
4447 5257
438 2031
2532 8251
7287 9191
5043 8186
4342 8130
2109 6653
3515 6656
3430 3757
4218 7341
1931 9145
1942 8341
1175 3797
3089 8098
3717 6106
1059 3964
2748 6321
6460 9252
2988 3696
1867 6012
3397 6014
4422 6540
6598 8944
3522 9328
3519 7311
5130 5626
1981 6460
3865 6138
6063 8288
3050 9321
4961 7207
5571 9289
5065 7049
3113 3871
3463 4241
1161 8973
4659 6019
2421 3660
4709 5108
1026 2308
1235 1242
2344 7538
331 8745
581 8163
4448 5739
2103 6664
3637 9880
2379 4934
6053 7726
925 2811
213 2060
68 2875
6564 8464
277 6643
1714 6677
9295 9413
1085 8130
1820 6317
5963 7164
5016 6506
4169 4657
638 7909
1177 7803
1761 7003
9363 9621
311 7062
6750 6973
6486 8889
3362 6045
400 2355
5486 7223
6431 8517
4584 8026
2748 9960
1824 9875
6011 7312
1213 1979
506 6726
8000 9498
3839 4366
1171 6714
1662 5902
3948 4708
310 3008
32 1182
4301 9315
5183 8314
3324 7289
3150 3319
1178 4403
1314 6424
827 8218
8160 8630
4765 5990
4384 4598
3900 9532
6434 9689
3631 7938
1019 9309
1980 9934
6460 8353
14 5841
4759 5621
6574 8960
3388 6198
2388 2971
4509 7397
3656 4782
5132 7578
5970 7555
2600 3836
2535 9700
527 9559
8796 9746
3188 3841
4705 8302
5737 7287
5897 6810
2070 4449
5799 8708
4918 8582
1792 2293
719 2744
6193 9854
3240 4394
200 1298
4127 8955
4038 4552
1571 5582
2938 5921
1286 4170
7785 9792
4261 9373
2691 7171
2688 5550
2160 3825
703 4548
2464 6581
7333 8811
1057 5093
304 529
423 9816
4691 9809
394 3456
3854 7107
8693 9737
813 8288
5465 7723
5050 5853
6856 9174
392 9257
6383 9387
5262 9866
2559 7039
4512 4524
5694 7011
428 7748
409 7583
948 4798
53 2884
4216 7427
1907 6104
518 1102
2767 3659
3476 8588
8657 9848
150 2134
7302 8399
3015 6415
1601 7381
3045 9418
4927 9359
2696 8439
6480 7262
4026 9459
6044 9486
5408 5688
258 7272
6449 8772
1502 8837
3598 5228
4459 9271
325 9402
7847 9500
62 8150
3223 7916
9268 9590
5371 8658
3915 6871
1156 9133
5172 7952
2730 9533
5582 7646
506 4888
393 3642
2029 4853
4416 9465
634 2240
7863 9373
3611 7092
551 7494
5826 6697
4225 4424
1226 3343
8214 8599
4672 7633
1852 9080
7333 8580
3503 5708
489 2323
1149 1354
4423 9937
5342 7065
658 1727
773 5606
8848 9025
3293 6476
2846 6079
1679 9450
2568 5415
5355 6159
3699 5708
4499 6681
238 7349
844 6895
6216 6891
2019 6725
3379 6481
4058 4515
2370 7192
247 4407
3012 8757
3643 7602
2137 5144
2093 8251
4596 6139
3543 5259
4764 9458
3720 4537
2228 5693
358 9920
1562 4473
6226 6720
694 6008
3274 3765
4882 8243
4850 5281
3022 6776
5817 9291
2992 9505
7716 8250
4972 8640
8634 9577
373 5077
6175 7635
434 2833
4811 6512
7802 9300
1143 9595
1519 5359
541 8921
1993 6782
1276 9789
558 1996
2824 8702
3808 5447
2328 6846
2518 4149
3918 9983
248 5688
2943 5928
8343 8541
1744 1907
5477 6399
2169 9399
687 7802
6497 9508
2911 6856
2229 8311
1962 5549
7728 8219
1271 7570
6338 7194
4263 4902
1705 6953
6152 9582
387 591
6721 8413
2386 6188
6861 8450
294 1792
912 7283
2925 8906
5172 7296
7716 8371
476 7236
2301 9559
1128 9824
4874 5997
5193 9322
6403 6498
251 9921
2782 3529
2035 6631
3400 7793
1305 4748
1006 3515
391 8254
2862 5753
7520 9412
1674 2645
1430 4035
2811 5734
1358 9160
351 1811
4749 5474
157 8529
1320 1598
1918 4906
3261 5354
1096 9556
5886 9881
1145 8915
1982 8949
5068 5976
612 1850
1809 8748
2788 8241
6147 7676
189 9326
755 2647
6284 6538
865 7844
443 3606
4369 7994
2612 5177
6276 9118
3839 9609
1636 5590
411 1607
2749 5573
1300 6877
5442 8016
466 5840
2769 9050
4764 9021
6603 9882
2466 5355
3838 6470
411 2707
7966 9840
1544 5316
23 3388
184 4553
1444 3813
764 6429
2287 8390
2866 5709
438 4214
5022 8515
6231 9478
1243 3605
87 5001
513 4132
5645 8825
2752 4464
13 5172
2453 3105
8562 8939
3032 3205
118 2369
7575 9929
2770 8085
4110 9998
5254 8102
823 8166
7217 8260
2399 4323
7524 8024
6598 9977
1125 8711
207 3836
4862 5954
2776 6084
566 4958
930 3906
4358 5367
2540 9659
3365 7272
2470 4272
6761 9256
96 1554
1588 9079
969 6768
2846 9893
522 5168
754 945
3477 6494
8027 9405
2510 5676
567 5080
5381 6631
444 8185
2231 3942
4005 8328
4533 5990
2189 8745
8334 8582
229 7909
3510 3845
4267 6681
3240 9567
2918 3094
6039 7073
1343 9962
1061 6522
552 6056
5315 7845
5107 9982
503 1900
6279 9015
1253 5891
1251 6639
399 4885
4927 9891
3670 4312
1910 7854
251 2175
904 7491
4038 7347
1468 2916
5618 9304
3511 9453
5213 6691
3222 4387
3190 6204
2176 5229
8234 8283
3088 9687
851 5197
709 4749
2524 9262
5568 9379
1237 1431
8854 9277
1338 4246
5444 5969
2537 5552
5598 9749
2124 7287
3965 6712
5905 7716
4659 6941
4679 7653
2318 4906
2290 3691
112 5272
4030 8486
408 3904
335 9882
3213 3965
1143 6293
162 1907
423 5749
7716 8004
2875 5838
1102 2050
6971 9993
602 6756
826 1798
860 2378
5145 7890
3135 5119
4784 7528
4082 4523
488 9776
6569 7598
3773 8907
3229 4857
2412 3247
1483 6138
798 3219
2225 9415
4105 5051
1135 6080
2025 3322
191 2625
1449 3584
1066 7745
5241 8288
7388 9998
1904 9541
1026 2380
1278 7845
6342 9047
688 936
1609 9826
73 4955
2743 6128
5946 9277
1686 6573
3325 5607
4795 7791
858 2491
2658 7977
2362 3189
3503 6400
5918 9866
413 8479
3339 6371
63 1149
5010 8912
901 3728
1872 4388
2381 4702
491 7432
1116 7524
1960 5897
6035 7394
2430 9182
1232 7665
1415 5188
3446 7527
5667 7967
3953 9352
3236 7358
7625 8617
8381 9996
1838 5177
1593 9764
2223 4170
229 4960
43 9025
177 3035
881 4232
9411 9982
1663 6454
4392 6180
2414 9449
5612 8007
5998 6016
382 3815
4939 6796
3087 9889
362 645
5262 7141
2243 5943
3963 8609
9414 9911
678 7589
2254 3665
5234 5659
1930 2982
3768 5056
6682 9485
3076 4500
5870 6217
7409 9870
4821 6831
2084 6977
3003 3865
1598 2648
4329 9154
4829 5850
1499 8264
3009 6030
2112 5157
1568 7073
1716 4040
1886 5129
5220 5463
2655 7837
7900 8388
6366 7636
2350 7435
2862 4656
5539 7430
5576 8233
1247 5084
605 7010
3301 4510
2952 6904
304 3053
599 1577
94 9635
2145 4771
629 666
5826 9629
2736 9347
1900 2102
2143 9746
3833 6133
2806 8231
1305 3104
2900 9272
256 6175
3372 6103
1044 2880
6979 8800
3984 7768
7585 8686
5619 7598
4983 8869
5437 8145
2809 2839
2099 3349
6388 6418
7185 7775
8197 8219
7427 7646
1268 9959
1766 5787
2817 3030
1063 7832
4649 8509
336 6679
8425 9517
2678 2682
985 9058
716 8258
403 460
5342 7774
3036 5562
821 8345
860 2456
1094 3758
8106 8771
2440 3795
6354 8251
1225 6207
6883 8894
4813 5891
2221 5946
4394 9945
8804 9475
3996 4651
5111 8220
3041 8407
1403 2272
1386 2180
433 4638
747 1395
1434 7601
7175 7820
1086 5432
3066 9709
5333 9871
963 6376
5682 8315
4622 9904
4061 5514
2518 4961
2428 6937
2917 9709
965 1958
4999 9643
3376 6009
347 8649
4531 8000
2090 8965
45 6903
667 8644
641 8282
7795 9117
6359 7503
1341 9145
351 8071
2392 5759
1780 8224
4620 5008
2732 6100
4112 6457
2477 6121
4344 6099
3054 7435
975 7812
4621 7740
1855 6278
84 9881
343 3237
2505 7812
491 8301
588 8081
1503 4581
2127 7886
1182 3126
5405 8222
5264 7144
1513 3415
3119 5684
929 1777
12 7140
5066 6757
686 6930
419 1116
1216 8139
1997 5813
2308 2533
5050 9355
3959 5428
551 1334
2908 7542
7234 9165
3873 6423
3838 6895
3019 9986
3040 5989
4049 8091
3648 9860
3314 5659
2299 4337
6357 6442
2647 2774
165 4506
6322 9509
4324 9470
5666 9184
2686 9157
5797 9430
623 4016
4934 8825
5579 7323
8034 9702
6578 7637
1262 4935
428 6404
112 2596
4867 7840
5036 9592
1909 9869
943 9206
4257 8348
569 8303
2238 3103
1198 3115
701 1598
1897 5504
171 8417
1011 7906
3489 7260
2407 3384
7015 7780
4098 7150
2951 3855
4227 7828
3700 5235
7563 9865
3762 7871
3789 9870
1679 7257
7391 8717
3146 4644
7419 8530
318 4396
6379 6468
217 3259
2195 4610
1523 4483
5570 6873
983 4464
1630 5594
6345 8655
3702 7793
3564 5572
2733 9929
6310 8507
950 7495
9548 9922
255 4595
982 8823
5393 7976
1763 9157
9408 9472
2347 6370
6640 8159
396 9895
6177 9138
2602 4141
472 5335
1818 8951
2449 9637
300 7142
7756 8902
1869 8859
1747 4205
258 318
2171 4104
6720 9126
2635 5646
891 5968
2194 7575
8937 9067
6600 8313
6209 9445
5839 8490
1934 7580
8 4876
2170 4434
3314 7411
3076 3102
2978 4791
2619 8627
375 2305
593 7103
6343 8061
824 4778
436 946
4466 4481
3419 7349
334 9429
1557 5864
3163 7471
3575 6195
2678 2815
3423 3963
4550 8301
1334 9391
64 7799
2630 4769
4045 5990
2194 9087
3563 8364
4492 6379
4558 6308
2674 8875
1156 9303
467 2241
5419 6186
7481 7737
4729 9039
1836 5437
1784 4600
976 6441
1098 6510
5288 7050
3560 9423
6350 7729
3240 6945
644 5660
8358 9231
3233 9356
4559 9740
46 916
1994 5065
3505 4961
151 5469
2030 5018
3714 8501
3841 4018
4760 8360
5168 9692
2402 8271
1748 8860
5483 7188
7662 9550
4954 7757
337 3313
3448 6384
7980 9003
927 7801
3956 5567
5904 6936
7446 9071
638 1135
4283 5462
537 1276
4408 6759
717 2956
44 7780
1382 3807
1755 2463
840 7449
3804 7865
1244 8168
1113 4362
4259 6128
4994 5173
102 2779
4504 6270
4360 9304
5362 8336
1139 9045
1547 3139
2410 4034
246 3088
1284 6330
1698 1965
601 7932
327 8192
6715 9299
5799 6127
2160 5626
8258 9701
5230 6705
2642 4679
3982 5890
5974 7550
4434 8705
3643 5794
2596 7173
519 1379
4000 5463
1285 5955
116 8379
810 2945
7079 7973
9063 9424
6056 7550
2487 2748
4556 8430
3991 4205
1828 5116
2420 9049
4030 4275
3043 5379
395 7808
3063 3869
2325 8133
2296 4324
265 7501
2780 9593
3156 8037
5564 9289
2255 5130
3788 9329
1033 7853
7996 9113
5796 6388
2482 5988
285 5058
3210 3786
632 1877
2064 4951
6136 9960
3165 9915
2596 6562
1103 6462
73 104
521 3616
3070 7402
2692 7825
1017 9399
1990 9574
5350 9489
1991 7416
3878 6396
5256 5994
1482 5622
8017 9375
9046 9167
4051 8085
3876 8530
3076 5391
5853 9776
4956 8796
1523 4438
821 7319
3533 5825
4095 5898
897 1404
3905 9459
7078 7707
2753 8639
130 2366
964 5514
4441 6110
59 3107
5555 7299
6216 6703
3204 7676
2017 9274
1778 1857
2353 5129
7373 9183
1771 2108
4177 7113
8999 9874
1701 8853
621 9497
4352 8375
8549 8807
4239 5082
5776 8268
7233 7910
6073 9143
592 5186
5638 9767
1996 7910
6100 8745
1026 3960
5818 9075
6852 7193
4321 9860
1437 7119
103 5898
3060 4758
5722 8571
2483 6297
5145 5620
284 1627
3721 5142
3407 5106
4821 6857
929 1831
4004 6330
2822 4996
7843 9172
1950 7571
1006 1483
628 2763
242 1618
4054 7147
6929 7303
631 1150
771 1308
7806 9672
1449 2876
2926 9496
1665 1847
5434 6260
514 1345
5474 6014
1195 2473
239 9336
115 2103
4369 8226
1826 6324
751 1422
816 2490
6064 9292
3144 5970
1971 4567
866 923
2312 5503
3880 4125
3901 8756
4715 9430
6583 7178
413 9432
758 9406
2485 9772
3351 7603
2824 8504
4815 8511
912 7419
2530 8743
286 9722
3202 4650
2526 6383
9076 9712
2080 4744
2619 5380
5433 7299
7896 8901
136 9100
3653 3874
228 1986
818 9007
2045 5197
3935 9063
5452 7867
3070 8531
626 8914
5656 7286
6256 7311
472 4563
2292 9799
4123 7281
1045 1934
1779 3442
6456 9906
9599 9787
318 7363
214 1236
56 9451
2858 9847
4401 6577
9582 9700
324 3429
4722 5053
2509 9113
2545 6129
3128 4129
8189 9644
4484 9583
4083 5102
1728 1972
2122 9008
3886 6589
726 7547
825 2057
17 9573
3266 5953
6085 7613
3265 6324
4405 7055
4795 4871
121 5935
105 2879
3342 5128
603 7407
677 1759
5739 8073
1227 5786
6864 7038
1009 6244
3284 8368
4654 9208
3579 9074
3181 8050
1355 8158
2986 6954
4613 8165
7230 7351
393 7631
3872 6786
4638 9011
400 4985
7933 8542
128 6209
4312 8692
2000 7190
5132 7870
4386 6849
1921 7181
3101 7731
1449 9698
1334 3346
8395 8884
1081 3439
6883 8210
335 2508
7779 7881
3452 9717
1659 9152
2289 2363
4018 5796
6141 6888
2695 2707
2510 7862
522 579
26 4568
5944 5950
608 5752
8604 9878
7495 8331
3560 8197
7219 7297
1899 6662
2506 6215
4294 8119
411 9532
1555 2062
5456 9730
335 1648
6815 8511
700 1700
5872 7433
8569 9999
2633 2934
5798 7652
1272 8684
6623 9684
3169 7985
2397 3313
2809 8024
6461 9014
4261 9559
7084 9108
5534 8325
1281 7633
1143 1839
2743 6725
7954 9073
2427 9601
2686 3799
3772 4977
8119 8560
97 8539
4415 9743
379 2937
7291 9936
2925 6998
2976 4739
4362 7716
2851 5496
640 8144
1486 4011
2389 5612
4931 5729
7724 9075
987 4602
4771 8427
7270 8633
8029 8094
6866 8934
1128 8308
3466 9150
570 2972
5302 8765
1439 2380
4504 8861
2070 6911
8229 9513
5290 9130
1256 3243
1095 4612
454 4878
31 5599
1585 2895
5311 9197
3090 6072
2713 5270
2544 9232
9294 9810
225 2293
318 1903
1401 6961
784 4283
2181 7562
3693 8687
1067 8747
313 9191
715 2125
1375 6265
1636 6396
3931 9840
790 2285
2169 5558
2818 4790
2901 3598
2875 8227
4060 7546
4984 6853
40 9121
218 3904
1838 2432
3423 5983
2762 8735
6674 6930
4919 6423
2921 4843
558 8458
5133 6931
2700 3602
6842 7365
28 9834
3073 9364
1853 8216
3521 7131
5669 7648
1014 7528
974 6746
6514 6662
2599 4586
3292 6875
3793 8328
2530 9749
7707 8635
2559 8728
9352 9860
5896 9029
1174 8532
484 4432
1860 2864
371 3984
2951 4951
890 2253
7527 9575
3436 5262
824 8049
2229 3593
1780 4609
2037 2358
1014 2711
6975 9502
4503 9322
6946 8497
732 9311
2164 6737
3791 8175
716 3773
5824 9149
1453 1533
2853 7185
2393 4383
1778 3539
4560 8735
5130 9203
4975 7986
256 6646
1540 7347
2496 5891
2108 9724
2227 8295
552 7359
6174 6547
3968 4947
7493 9171
2018 3481
1973 6926
4610 7404
641 5696
8872 9574
1927 5754
2134 7543
484 9760
182 5042
2087 3937
611 3011
3798 9752
5171 9642
763 1937
172 952
413 8138
3762 9145
2963 4348
1524 6861
3782 8679
1938 7013
5810 6634
1482 9424
3057 9576
1273 1322
143 3596
3263 8607
2326 4102
6052 6968
2560 5094
5852 8704
2557 5488
1001 8683
5825 5838
2551 7244
2299 7246
900 7100
417 6258
6025 8468
1281 7069
3290 5162
7804 8623
2816 9406
2256 6218
6294 6377
1623 2003
5863 6050
421 7343
313 4678
2160 5442
1242 4406
1101 7301
183 2803
6406 6815
4523 7055
4406 8539
927 4598
2445 3424
6387 6595
5675 7480
5278 6556
3563 8648
4527 4954
4926 8986
4583 5533
2498 9046
2022 9394
377 9058
189 9009
2855 4627
4972 8446
5190 8928
475 1294
5046 9695
1518 6663
7395 7820
4974 7718
3450 7346
7562 8878
4683 4974
2458 8459
794 6383
6203 7998
588 1674
2888 5620
727 9431
5900 7300
396 7209
5973 9333
6440 9179
6535 9101
3750 9055
6326 6406
900 6933
3964 5221
4551 8964
7349 7913
8258 8705
5616 7691
4805 5543
3310 9758
5578 9428
3283 9571
371 7673
4423 9938
1205 3770
4568 5457
6961 7650
1230 9711
1402 1675
3841 6801
452 2270
5805 9667
639 8004
1203 4598
1274 9357
5053 8945
1676 9920
1466 3413
963 3902
4780 7430
4371 7824
1349 9600
4415 7567
1476 7520
3593 9254
6954 7628
5289 6332
1908 3855
6949 9791
2977 4105
2251 5902
1086 3993
5233 7828
9490 9659
4289 8877
7942 9177
1321 2246
7569 8427
2583 3476
8517 8936
1370 8910
1725 3212
435 4596
6753 7930
2032 7032
2460 3987
2182 3509
3397 8046
9129 9725
5484 9252
3366 6219
7894 9388
1501 9796
3687 5128
3869 6039
2209 4735
4280 6302
4768 5354
6901 9735
5530 7030
2444 5770
2005 5655
8631 9747
4845 8420
3716 8782
152 6570
1405 1787
4760 6006
1356 6149
4151 8023
7778 7865
6203 8157
4849 6437
2664 9681
5993 6363
447 3489
1399 6687
6449 8064
139 3203
808 3646
1182 3165
8401 9621
4642 6714
2538 7915
3922 9315
6897 9134
7267 9291
5985 8067
2040 5461
5737 6189
8760 9969
1341 3673
72 5301
669 726
5840 8486
292 6056
4328 5003
2579 3612
4806 5824
1865 2114
6016 6443
4444 6154
4529 9728
6824 7190
4515 7654
7851 8763
1875 4417
2942 3160
557 5511
3347 5514
3739 7586
7933 8464
803 8915
612 4639
5360 7267
9103 9572
4700 6369
6906 7508
123 656
381 6700
4906 6414
7296 8607
2592 5366
4277 4765
1433 5540
1252 2942
649 4558
4827 7037
781 2080
4524 7972
246 4657
4278 7235
2959 7940
1095 6306
7088 8643
8321 8793
1623 2699
3432 6916
4035 8358
688 8979
5789 6410
7167 9807
393 6955
2768 5744
1298 2661
754 9568
2587 4243
86 3957
36 8679
3111 5827
1187 7227
4444 5753
3932 5207
7932 7948
407 1988
5780 9449
6251 8420
192 9454
1460 2799
5061 9232
4015 9789
3060 9967
4016 6466
675 1659
1737 8487
5460 5464
7154 7801
1672 9155
146 2435
1515 1613
844 7437
1581 5271
5524 7107
4469 8614
1541 5673
9006 9037
2195 9342
1876 6766
524 5982
2254 9665
380 8701
7667 8179
501 9931
4102 9000
896 4667
3170 8557
2497 3755
7465 9497
4243 6901
1408 5744
3153 3723
4247 8927
2897 9510
2332 3409
5502 9504
8613 9121
2110 8776
2943 6904
6912 9095
7370 9549
5933 7418
1885 7755
3876 7909
4747 6993
647 7953
6615 9668
3349 9588
2629 3733
3373 7145
1922 3334
2378 9046
756 8303
4942 7252
3962 6826
3962 7087
1883 7275
2696 8131
880 6594
8232 9771
8735 9817
354 7861
1340 8698
3453 5280
68 1174
598 5988
1075 6222
2999 4413
1956 7505
198 4317
3052 8266
4376 5897
3477 6401
3365 9365
3467 4330
9276 9783
3096 5303
4810 9737
351 8318
5171 5709
3 7090
3713 6981
5204 7762
3217 3500
634 1100
1156 2163
3233 3704
7066 8790
691 2814
2582 6341
2852 6598
8910 9602
6289 7068
187 4794
3739 9954
5024 8880
5473 7067
2275 7766
2729 8447
7531 8524
1520 6323
2420 9624
819 8248
1701 2876
1612 3421
292 4345
2909 3959
4043 8665
1619 7394
1503 4749
866 2586
128 9740
4768 9467
510 1195
2457 8004
2186 8810
291 3571
4162 6928
1272 1843
82 9858
503 696
2413 3314
5563 8833
2955 6202
3326 8586
6041 9892
5080 8603
5483 7515
2936 7620
2814 7572
1056 4748
958 5878
2439 7478
4745 7089
1586 9954
3673 5630
7115 9573
9416 9513
6509 9091
4110 5803
4998 6997
593 8358
6233 6853
4659 4660
4669 5623
2739 8429
4631 5810
1662 2819
6960 8166
1010 4615
5234 6686
6130 9882
2217 3104
7227 9888
3214 4379
838 9116
2328 7720
2973 6111
1161 2724
5136 6141
822 5517
3191 4078
395 2289
3408 7917
8643 8902
3421 4377
303 9717
2312 4209
944 5299
929 8610
3661 6681
2291 8268
4743 5386
6179 9289
262 7136
8100 9270
5544 8848
1193 1606
1702 6034
3355 3771
3551 5552
159 6506
8921 8933
3168 9363
5345 9773
3471 3628
3632 7360
1099 6586
1749 5274
6643 7454
1169 3435
2858 3923
3177 3454
1832 8674
6723 7788
569 4321
7539 8008
8749 8780
7090 9665
1767 6344
3148 7168
1225 1363
4823 8352
6619 8734
8720 9957
4970 9363
3644 8063
2577 6423
1760 8659
2084 2455
1060 6382
7047 9695
1979 9406
4964 6721
6664 8778
2061 9770
4271 9843
2492 3454
5436 5897
4354 9665
4595 9048
4101 6301
4650 6054
8505 9951
5848 6139
2140 6055
1423 1883
6994 7821
1064 8760
455 9966
1443 1638
146 3744
594 8282
2114 2404
85 9945
5604 8353
6225 7292
2330 5579
2197 2756
5024 9126
5984 9146
2479 4200
3539 9498
2476 4646
2549 5163
4077 9952
1573 5785
227 8016
296 7952
1388 6915
3567 4706
4622 9017
1956 8430
6957 8373
2922 6810
1160 3118
1645 3255
1252 3597
2115 6424
3143 5291
1783 3697
2013 3785
1839 5704
9831 9903
513 2843
816 9397
247 8574
5532 7576
1911 7353
1913 8611
2506 5312
7208 8653
1249 5041
3082 6900
1844 2664
2303 3862
2541 9546
4699 6330
78 2478
669 5553
6791 7196
2484 8840
3125 9384
2591 9775
1797 3737
3041 9190
4634 5407
3139 6237
792 7140
2748 6770
865 4383
2378 8868
1170 3783
1378 9656
5284 8747
7790 7918
5651 9138
1872 9257
147 7414
194 4552
7467 9925
6685 9898
5019 5837
1723 6661
4587 6198
1352 2465
1861 4619
1379 2627
1525 3383
2268 9870
7122 7265
4073 4396
1124 5335
5524 7269
4834 9072
329 4961
4612 8674
4217 4384
2445 6467
6935 7225
3050 8780
6809 7105
572 1599
1556 3493
2442 3690
2476 7209
1286 8606
5888 8295
3798 8134
1188 2223
2671 9825
5881 8253
6967 7395
3344 5362
5675 6939
6694 8622
3287 9469
1776 2496
662 5675
1467 9669
4414 6678
2431 4611
9134 9595
5431 8629
2105 5471
1116 8137
625 8995
6358 8525
4088 7810
17 4196
2579 8110
5575 6867
5984 7675
2221 8315
615 9254
1356 4705
1727 8762
1657 7948
1188 2876
1201 6769
3802 5579
134 5892
1305 4918
1502 6488
1908 7842
957 4888
987 6771
3693 4028
2205 9518
4732 7556
2837 9509
7143 9387
107 8089
4035 9764
4584 7527
8167 8404
874 3281
6150 7975
886 1335
2333 6802
2355 9439
2882 6347
1878 3017
1227 8341
970 3952
2942 7855
8991 9859
1379 1664
1320 9879
190 891
6410 8788
2111 6329
2259 3449
1673 7211
6188 9631
153 2453
5385 8980
3063 8346
5751 9449
3220 9032
285 419
4064 7715
2579 9206
7455 8313
470 4076
3173 3779
2939 6897
3488 8711
6216 9835
1933 3902
2280 5544
3578 6097
6205 7495
829 1511
7138 7222
4877 5657
3208 6479
5837 7309
7962 9731
5895 9531
1877 9396
1904 3046
2200 7584
3942 9706
4244 7336
2027 8934
4010 6955
4197 7780
1482 6896
2610 8787
818 5402
2390 6893
5985 8363
8294 9467
455 8613
2088 7078
863 6499
7123 8540
6781 7329
1062 6828
4408 9866
1388 4558
519 3688
1326 8568
6810 9954
3066 5812
731 2614
8292 9827
3947 8767
4396 6797
1904 9273
2298 9142
2596 9074
892 9836
2627 7643
546 5915
2214 5669
3398 5033
619 1451
7713 8211
3974 5473
4786 7725
3752 8840
2070 8957
2226 4828
285 4187
3924 9947
3092 6801
4810 6069
2260 9574
5228 6935
3662 5800
1831 7289
416 6855
1322 7620
5905 7167
7987 8699
480 8471
6567 9104
4620 6383
236 7337
3360 8479
2132 6270
1211 5021
4448 4986
1276 3456
3521 9680
5999 6683
4273 9579
6264 6520
2972 5425
2177 6042
2924 7920
2609 7681
1991 2720
1878 7788
5450 5648
1165 2338
2718 6530
3779 8328
6814 7666
3863 4369
5085 9291
680 9053
2596 5695
3225 8782
1602 5912
4301 6205
1103 2734
5943 9617
3911 8925
3193 8706
7339 7438
56 3338
3066 7852
4722 5272
7227 8585
130 8081
645 6683
1399 7775
6433 8756
2220 6732
6989 9199
6921 7789
2931 6641
702 6532
4627 5089
1962 3510
720 4041
1937 9980
2413 7358
4326 4742
5166 5644
7658 8956
5011 7395
8210 8435
1090 3935
4495 5363
2275 9176
387 9240
5346 6043
4629 8103
168 1980
7401 8272
3531 6373
5269 8439
3781 7061
6955 9133
925 3458
6987 8476
5752 5990
5842 6145
5146 7051
4294 9147
7502 9285
2879 8568
2086 2415
4027 6897
238 9376
2181 2755
1881 8568
59 321
696 8947
5026 6246
4760 9150
1563 4291
2658 4652
490 895
2984 3232
347 5809
1075 5374
5607 6528
5729 7709
4325 9311
571 4278
7595 9875
5428 6293
592 7699
8996 9997
3801 5374
639 8541
2047 9919
4296 9701
1072 3409
1494 6401
4691 7752
260 4511
5131 7676
7234 7252
628 1523
2371 7038
907 7983
6041 6778
2231 9049
2089 8737
2128 2443
7434 9904
1985 8079
8169 9501
7961 8556
758 9785
854 9137
5127 5365
3481 8634
5147 7982
2973 5744
1412 2821
2907 7934
1521 8787
1442 6999
3931 9081
70 3261
3923 8896
4307 8194
285 7952
5874 9578
2725 3426
1021 8955
167 5899
3893 5726
2177 4314
4878 8166
1891 3328
3028 7605
2095 4813
7583 9274
411 759
3882 4418
5162 7133
1671 5052
2365 5355
4270 9830
1970 4622
5186 7147
4951 7031
195 3974
4579 6201
980 2834
5785 7995
6325 9540
424 4762
4194 5175
5671 9817
374 9806
5173 9444
3397 5878
5045 8273
2684 4571
3425 6378
2026 3972
529 5550
8593 8692
5055 8665
1474 3711
5402 7013
1671 2387
6823 9429
7398 9925
4201 8332
5622 7781
7727 8023
5 4797
1189 4282
558 3262
2070 8915
641 3521
2970 4893
2550 8985
51 1957
3097 5192
1808 3466
3055 4222
3625 9817
642 7682
4000 8079
413 6603
9083 9641
3488 6564
4080 6853
4835 9099
202 8584
1740 2793
2145 5678
5232 8680
338 3400
2770 4973
4144 9583
4692 7079
4461 6557
2433 6559
953 7955
3645 6910
2001 6564
1144 1741
1935 8896
3909 7198
7212 9288
1322 3262
3428 8317
7091 7125
6297 9558
5254 7895
1736 5196
2891 9700
3460 4392
1232 1483
256 9387
1018 3909
973 1272
6648 9623
880 2859
3838 5504
1864 6389
4952 6853
3960 6074
2945 5487
7186 9408
6718 8880
1184 6206
161 3064
6432 9691
772 1631
6691 7860
3948 4340
4459 9159
665 6632
4431 9305
6230 9038
3134 7066
3010 5953
2796 9230
598 6508
5015 7899
2768 6408
2334 9194
1718 8507
2093 2912
1613 6628
5101 9263
1575 5347
5341 8024
5142 6030
5039 8443
881 4387
7146 9561
6775 7576
1476 3831
828 7901
1289 1661
7915 9549
7037 8213
4148 8687
1758 7603
2023 8422
5426 6672
2856 8264
866 3067
1139 9089
4601 7672
3802 3805
3925 7629
1354 5691
4696 5329
48 8061
6018 7430
7303 7742
543 3974
8762 8863
4097 9335
1498 5514
3100 6766
1033 5024
2302 7174
2756 5171
3848 5270
3477 6084
6605 7513
1693 5462
2922 5291
2227 7533
162 2046
4899 9110
3919 6984
2202 5910
304 9225
2577 3903
1970 8727
339 7335
3583 7217
1549 6313
1527 9275
9627 9922
4042 6526
1935 9146
819 7280
2998 3274
773 4750
7644 7812
1007 1157
4402 4994
1763 9963
7418 8257
2187 3164
5713 7842
635 4663
8281 9480
2015 2933
4464 9793
73 9983
553 1214
3916 9512
3770 7920
3703 6922
6364 9629
8556 9253
805 6978
214 4336
1169 1302
4751 9383
3503 5302
2232 9668
3380 5114
9004 9083
4317 6454
2506 3399
4146 9809
8555 9218
795 9107
699 2425
2414 6838
1382 8281
6024 9394
417 6255
1770 1770
4747 8970
7122 9811
265 741
18 8056
355 8372
6577 7127
1879 9928
1935 2499
6583 7274
8137 9869
9563 9887
4573 7807
2426 5002
3859 6056
4278 5322
7968 9138
329 8623
5940 9788
2198 7237
959 9702
1435 3980
239 7083
5451 7558
7649 9654
1687 6177
6978 7720
819 3472
135 7418
1615 7649
2904 6077
3731 7639
2240 8463
4048 5636
8367 9768
3184 7174
3493 7077
4807 4998
2759 9922
3898 8610
1758 2460
2696 6062
1536 2111
3527 9513
3674 4797
7446 9890
1694 8351
465 4769
1570 2355
4901 7677
12 8128
1473 6776
2877 8390
482 4243
4682 5067
5958 6279
1456 8192
314 2286
930 942
3628 5606
3758 8112
8972 9428
298 4599
4325 9033
8008 8169
597 7324
2674 8969
1733 7083
1682 7700
2135 5107
6481 8053
2423 6839
4023 7104
397 1469
4932 8195
1649 5344
4719 9303
3028 6326
1448 7852
6792 8713
2405 7032
3395 8057
167 2177
6545 7408
5977 7727
1235 5496
3097 8123
8429 8546
6071 8442
3867 5891
2571 3703
3084 5380
3650 8589
2523 5290
276 7361
117 2621
2646 3359
3314 7855
3948 8665
5536 6135
3485 5709
3776 4161
2045 7245
2836 8439
4725 9510
1082 8442
1419 7246
209 6055
137 1242
3022 4650
5673 6852
7080 9019
5528 5728
771 8377
1260 8117
4998 6051
7935 8047
2863 6185
7168 8488
3766 8005
1306 7249
2869 5906
5834 8685
1286 9629
5428 9916
1604 8071
4495 4959
5078 5228
5057 6341
1902 6461
5761 9234
3316 8855
1081 2291
581 4173
4904 6886
2074 5892
2303 7511
3648 5153
8524 9779
122 3173
6038 7554
3188 3789
1352 5055
1043 1404
1433 4788
4502 9997
660 2474
2267 8797
3781 5068
6312 8005
2810 3038
3734 6719
4094 5595
4260 4623
5154 7956
5516 6555
4465 8172
179 5535
3477 5024
6581 9087
279 6574
6317 6450
4356 5302
1703 7940
2316 9764
1772 2869
1969 7837
7603 9502
2051 7399
6901 8718
4616 9421
81 6062
4412 8138
3309 7262
966 6634
648 7215
9104 9412
1300 8424
8565 9928
81 577
149 3771
858 7472
3119 8466
766 3496
6298 8910
527 6703
1963 4602
3547 8542
2882 5587
6428 8914
637 6324
2215 3157
3063 5215
3517 6570
3557 8962
3802 3821
4603 5810
1610 5152
251 1928
3215 9715
1856 6320
4413 8468
1169 8768
7236 9364
2063 5034
273 8230
3408 7441
5428 6233
1185 6620
3541 5010
1127 8311
1764 8002
220 1581
678 7474
3143 4640
3158 6810
2528 7386
1106 5895
39 5501
4964 8962
3053 5158
1774 2002
9307 9868
3744 7284
2011 9109
2843 3761
559 2103
2122 9849
1284 5236
280 339
1377 5550
5360 8919
505 2086
3309 5284
3071 7206
646 7670
2740 8423
6933 8759
871 6247
7789 9494
7963 9387
1495 2849
498 6689
4326 5387
4403 5808
2584 7667
3603 8999
353 7649
6286 7949
5666 9887
6897 8058
5003 6459
2997 3387
1771 8393
4444 5315
2628 4814
3855 4632
2833 4463
557 9914
2529 6478
1695 8028
7087 7088
3379 6006
2765 9941
1623 7366
6389 7599
2219 5437
2118 2816
3365 8523
2667 7383
2889 8821
2093 8329
1031 1106
8772 9456
4061 4254
2453 8890
398 1715
4246 4375
519 5057
3324 7253
6097 6263
4387 8144
3798 8322
457 7170
7191 7588
2746 2971
5261 6477
798 9930
4312 4963
4574 9389
2449 3294
1344 2287
1968 6684
3272 8713
1146 9174
635 9979
1886 9596
3664 7992
2571 8553
3787 4416
2732 5015
2074 8536
5751 6648
1145 6003
1550 5452
3126 4082
5639 7241
6200 6941
4956 8876
6178 6726
683 5056
2875 6940
3668 6691
8081 9916
6103 8755
3970 8556
4565 6017
4673 7146
334 4329
7031 9412
7676 8618
4112 9244
1829 3997
2637 4809
4506 4858
4823 8491
103 3959
1104 8271
4361 5766
4632 9030
4678 9629
2805 3307
7560 9110
7292 8353
7811 9737
2885 9151
395 4363
535 1773
2679 9867
4253 5109
5061 8125
1144 5378
3142 6607
920 4953
862 3443
2614 7940
1033 8597
4772 6790
5481 9021
8980 9187
4102 8640
3243 4464
5890 8498
1315 3977
343 3395
1407 5481
294 3172
4981 5286
2597 4029
3151 4310
3284 5765
3317 6362
1277 2258
5235 5774
5105 9071
2371 8434
59 4179
6900 9384
1931 2384
6696 9981
665 8049
8385 9767
2574 5033
2066 2726
1210 8800
5958 9106
1874 6531
939 4533
974 8690
5631 7929
1651 7246
3858 7031
370 2591
4660 8672
8985 9581
4679 6111
1951 4336
4931 6416
6597 9650
7331 8578
976 2862
3240 5321
196 4368
7007 8099
1041 4921
3048 4683
2186 9302
1913 5314
42 6351
7522 8324
3109 5702
3766 9966
3865 6774
2566 7109
5955 6314
882 2181
2942 9857
8058 9927
5996 7123
5467 7344
3331 9740
1528 7370
6522 9371
1094 9574
947 2263
6471 9472
415 1707
1355 8837
5687 6519
47 1244
6051 8747
595 1803
517 8943
4129 5580
5121 8190
273 8920
1811 5884
4464 7263
6155 7516
2194 7478
3962 8940
2351 7200
6491 7238
6224 9045
1295 2263
5741 8499
574 7635
7093 7734
8135 8259
3142 4501
1529 1763
78 5471
261 724
8086 9539
2539 2975
3782 7088
3481 6930
3277 6827
5518 9248
2950 8335
1799 8474
1095 5304
1446 4688
1042 8058
618 2695
953 8463
5156 5214
5388 7789
5953 5963
3540 3637
288 7454
5124 9517
6000 9749
7306 9925
232 4799
2108 7491
6841 9978
1243 9178
1435 9023
3847 6013
379 8815
2650 4926
2661 3610
1725 5978
2043 3626
1359 6232
6596 7211
6838 8831
3266 5372
4393 6053
1411 9330
2263 5166
2817 4616
749 2926
2197 3131
1470 9253
4700 4707
6597 9185
888 6502
1256 7135
766 6242
1840 3291
1486 9319
2131 6381
1116 7015
2533 5312
1122 6158
3350 6315
5830 6171
1489 1699
1427 4730
2509 9824
514 7333
679 9305
3539 6500
3138 9321
2913 5744
479 2089
4482 6484
1057 7112
1058 6188
618 9171
2558 4397
5951 9733
1932 4998
5689 9893
1642 1987
6520 8917
4813 9247
165 4466
3919 6792
1618 2782
5006 9677
5563 6055
8920 9253
6962 8686
4654 7936
8577 9026
5495 6263
2872 8298
2179 8859
72 1952
5762 6933
4469 4475
84 5290
121 3726
3293 8036
481 9811
1832 7038
4107 6273
1304 8150
2234 6297
883 8112
7306 9959
2514 8591
2241 2688
1018 5407
1657 6503
3104 3485
5013 7985
4276 9751
658 6975
4287 5212
3077 4045
2653 5449
2499 3284
5485 6009
8032 8506
3758 5378
464 7632
1648 2955
1577 9127
980 3372
1024 8035
7660 8160
1393 5649
3508 5788
3944 9111
462 3300
7369 9726
5240 5500
5489 5535
2472 9660
4726 7372
320 7852
7154 9296
2915 6881
5277 8715
290 5836
9235 9922
5241 6947
125 2754
766 3859
3820 6611
1536 2319
2251 4703
3541 6462
669 7338
1976 4898
2314 3599
410 2956
5646 8766
5290 9634
3895 9969
3825 5144
1866 5326
3228 4546
4332 8418
3711 6043
481 4049
478 5480
4902 7397
5312 7030
928 3865
4447 5938
838 6685
2747 5974
1038 2444
7351 9321
3863 5913
7640 9270
375 5774
1839 7120
4980 7409
544 7308
1471 9288
5236 7718
3052 3846
4997 5829
1050 6981
3940 9064
1034 9840
1103 3498
5425 7845
3825 9106
1157 2229
94 6555
3193 5015
1057 4357
2458 6638
8378 9263
1020 5335
3617 6058
3440 3566
1188 2326
1736 8672
5052 7189
5719 9167
5967 6398
566 4623
2018 8524
5447 9930
1775 6674
387 4284
841 3271
7120 7680
4102 6422
6580 9997
599 2563
4829 5853
7248 9590
5855 7229
1276 8008
612 8404
1476 2522
3044 8097
8676 9383
7369 9895
3673 8335
1811 9105
4034 4300
5689 8440
4961 7759
776 5119
3386 4535
2227 9879
5031 8949
1355 1782
3785 6717
3875 9952
3071 3661
1939 5274
5689 7810
3350 4866
8044 9295
6753 9580
2099 9564
1759 5712
3980 8407
6317 7869
6996 9170
1762 9129
8936 9319
1223 4782
5144 8804
6852 9701
5415 7270
3377 8992
3341 3754
2025 4849
2839 7808
776 8491
2842 4157
3 9046
2490 9264
2012 5911
5743 7345
939 5466
5730 5752
744 2180
2133 8733
4271 7396
4861 8617
869 1269
201 8849
415 7747
1300 3915
1018 5938
3979 6574
4469 5509
4712 9538
7005 9358
1853 5242
1351 5734
1326 6045
4872 8500
5177 7013
1945 4500
3531 6348
979 6328
4914 7381
2184 2922
2678 4595
2683 7794
4514 6346
2752 3584
1398 5232
5425 7321
922 4153
988 3766
1526 8373
600 1911
3883 6171
273 1261
7357 9058
7725 9887
4727 5511
94 5560
1327 5560
5486 9201
4543 8233
141 2090
6371 9737
871 9607
3399 9247
5716 8217
1129 5554
6563 7060
857 3431
2457 4062
3545 7471
4445 5985
3707 5814
5515 8971
597 3230
885 2274
2257 4230
7972 9893
3166 9316
4437 9892
4211 5199
1585 4580
3592 3780
6074 9488
5436 8496
5213 5274
1345 8288
4816 9655
1676 6095
4427 5406
5 8452
812 7318
2460 9047
5242 7363
6652 8614
6828 9794
1492 7718
4130 5197
2932 4080
2119 3064
6088 7640
1985 5612
7099 8775
2084 6382
561 5796
2287 3008
593 7013
7100 8339
1796 3891
1343 1698
918 4898
3359 5063
6546 8834
4903 7041
6320 8114
1201 3592
6115 9522
8658 8986
2455 3173
6583 8282
9047 9095
7389 9268
174 5276
861 3609
591 8629
1862 4201
6547 7918
6275 9458
2916 8083
1171 1344
5694 9937
4846 9741
5374 9958
1767 9856
6777 9920
1273 7249
3442 6795
4609 9095
1071 8319
127 2963
3911 9726
7274 9644
4212 8429
1516 9166
6190 7960
6671 7144
414 1718
567 9525
5221 8486
3086 9216
3843 9582
4637 5752
4960 6796
8419 8617
369 565
8071 9524
7647 8172
4209 8073
2585 7422
298 7420
1246 6919
3360 8865
4661 9728
6875 7734
936 2444
3487 6295
6483 9841
7918 8288
979 5591
2901 6989
2651 8918
2602 5049
1048 5950
667 7657
6948 9636
4826 9973
7396 9494
5094 6947
4869 5279
7145 9505
1536 8661
4715 7353
7007 9697
4054 6142
203 855
7431 7519
5249 8399
2612 3616
173 6589
785 2989
4647 5233
4650 4933
6015 8917
165 4625
8594 9243
2895 9488
9829 9907
2093 8538
7452 8853
4097 9656
1767 5098
6793 9375
280 5984
1601 2951
4929 7125
2211 5779
1518 5504
4012 6611
3518 9390
6441 7109
7281 7653
713 2362
2193 6617
2776 8203
832 1092
3655 5479
1832 6821
1140 4437
2717 3410
3131 8911
2384 8798
5044 8975
3776 8107
226 3327
806 6907
5837 6429
5592 5762
1101 6430
4912 7062
8609 9611
5546 9493
2466 5685
2653 4202
698 4414
3889 9562
373 872
5460 7362
6911 9760
8089 9120
3914 8371
3727 4034
2199 7865
1081 6743
9575 9958
6506 6518
3248 4380
1943 4504
7655 8208
5933 9501
4947 8472
5195 7629
8466 9326
1305 8714
6582 8999
1759 9990
1344 3855
1275 1969
1304 9265
2723 6543
3566 6719
3793 7710
2943 7273
7519 8368
3162 6103
6144 8482
1526 6154
1559 7533
616 4707
1677 7514
4954 8321
66 2324
8051 8279
4395 6995
209 6013
1423 1749
6391 9464
6968 7241
4501 8793
1924 4745
2676 8307
3162 5543
3664 6758
510 7729
2660 2780
6327 7810
884 7356
95 1180
502 1061
585 6119
3534 4058
4477 8505
2154 7459
3722 7968
6707 9330
827 4477
2575 5387
3209 5524
4024 7317
5744 7514
563 2081
6514 8522
1043 1940
3840 4100
748 9080
614 5627
818 6880
1395 5072
2615 7063
1443 8315
2600 7456
1963 4172
2096 3062
1957 8355
6606 7503
6634 8408
5570 8706
3350 9105
459 6651
944 5496
2804 6479
1290 8550
1556 9771
3327 5778
4693 6655
1908 4078
6021 8942
2190 8772
5512 8722
1067 5270
1057 7143
8399 9850
7724 7738
1080 5271
6696 8683
707 6771
1615 6898
5680 9713
2982 6359
4594 7869
6887 7671
2729 8485
2302 6630
6767 6908
1054 6190
5178 9580
7301 8396
6030 6166
2265 6784
4470 5602
4329 6445
13 5524
4064 8654
9508 9581
607 7395
8044 9527
284 6023
226 5827
4334 9940
1406 8470
7364 7966
3618 7703
6501 6619
8176 8549
1765 8784
3985 5381
4025 8544
1574 9426
5036 9868
4813 5866
5625 7660
5003 8301
522 7584
316 2071
3996 3997
3482 8036
4630 7781
2581 4754
2119 6109
4164 8925
3876 4207
6902 9482
1248 8149
7689 9604
4953 7122
5734 7979
2877 7317
4684 5078
3801 4617
3537 6346
2136 5229
8159 8368
1043 2830
4424 7993
128 1722
1738 8089
187 7132
616 8065
7650 9664
163 2834
124 6300
2769 8045
2351 4731
461 6186
4089 6012
1920 5568
4744 5748
736 2692
3052 7214
4701 7549
1054 3636
6339 7309
4530 6882
3832 9389
5422 7441
606 8389
270 1257
1302 2612
6801 8160
2693 3948
5282 7565
3992 5942
5240 6638
4084 6901
110 5878
3856 7478
4336 4812
6610 8694
2180 3772
5936 9448
2893 8254
3503 7082
775 2756
2602 6918
3797 8029
478 3310
1405 9219
3798 5448
1112 1879
3728 9091
144 2839
3161 7583
7097 9045
111 364
1104 7794
3829 9135
1910 6981
6696 7924
910 6438
3478 5484
2268 9696
1275 5595
7041 7079
3891 7351
1161 6665
310 6732
398 9031
2064 8815
2206 4705
1185 4455
1832 3692
6855 8324
2948 9557
604 1024
2885 4958
3744 9905
4716 5561
3739 4047
2810 5371
7205 9834
6650 6831
3303 7585
6138 7289
987 8234
4380 5465
4301 4663
1669 6689
6743 9928
1747 9414
5396 7553
489 5540
5512 9811
2115 9478
1287 3649
6916 7337
4264 5292
375 5337
452 9880
5341 6359
1028 2057
653 1638
1692 4481
4598 7528
7788 8723
6721 8126
5607 7255
785 9474
1493 9817
7137 7848
4134 7457
3758 4067
6183 8834
3897 5614
2335 2398
483 2791
2917 4456
2121 5256
5642 5791
809 2883
5556 6647
7451 9995
6249 9458
5382 7029
5666 9112
3568 9522
3891 5390
1220 9649
1326 8131
6034 8628
2611 3841
1112 7071
3582 3751
2901 2925
853 2374
3191 3804
2795 5894
5555 9232
1749 6274
1703 7385
3612 6378
7363 9055
2105 4062
3214 6070
3633 6592
2344 3969
5598 9887
4662 6482
586 5720
1330 1439
1390 3850
4926 8074
2513 9837
8234 9494
533 5139
2495 5308
2725 9831
5269 7409
5132 5289
7043 8288
1107 1379
2661 7882
3311 5782
392 9872
3124 5359
381 9186
5273 6959
5628 9005
3022 6992
2132 8078
90 5880
8683 9489
2001 2686
2114 8971
2307 6305
5761 9323
4530 6200
916 4009
6669 9759
5001 5718
8158 8502
2464 8157
1939 8980
7561 9159
5930 7025
4989 7341
1131 3682
1009 7101
1809 3643
547 1137
4186 4888
1582 9280
2523 2746
1609 2487
32 8131
1357 2097
1192 3798
5543 9653
514 5336
1436 9499
2721 3180
240 8165
2143 6667
1908 3105
6361 9666
46 9615
3113 7181
36 8641
5381 8366
4052 6266
416 709
3387 5483
3020 3719
5619 8611
3763 6529
1041 4697
5495 5542
2682 7355
6159 6248
5088 6872
4322 5634
4892 9769
355 3929
5282 5390
517 7123
3104 5947
8398 9517
81 5435
7555 9482
2486 9672
3019 9084
2316 9000
3328 3680
4195 9988
4688 5335
137 8757
2568 5826
5750 9360
6846 8120
5922 6641
1722 2042
2502 7016
3876 7669
560 3224
3998 6637
6216 7503
6444 8165
80 9445
308 2615
707 5514
3236 9934
1505 7319
4494 5879
3386 4134
316 1231
7976 8106
2569 8201
1963 8301
473 4589
1036 3558
189 4468
7582 8200
2788 9704
385 8446
8171 9186
1655 6357
5975 6613
2207 6800
2945 5104
1434 9381
7282 9618
2979 3438
3137 7523
1209 8523
1154 5030
5121 7968
6917 9435
630 3525
1036 1624
526 3728
284 2077
1947 9023
2372 3002
7182 9965
7977 8980
694 4952
1526 9411
880 3771
1949 3335
3246 8581
2963 3954
8467 8861
2813 3041
6016 9391
3991 6140
3488 8818
17 2443
6428 7700
1250 5856
2731 9848
4263 7001
1047 7655
4277 4722
5448 9763
8031 9811
6992 9486
3028 5168
440 1536
920 3009
5900 7781
2677 6230
1237 9696
2190 6467
365 6842
9434 9546
3085 9381
5503 8524
2653 9378
5351 9873
2163 6136
3588 5807
1618 3591
4555 4950
3002 3989
525 4211
2782 9726
8353 9507
511 3946
1075 6368
1291 7383
4188 5740
492 2501
4306 8134
1317 6041
4388 6548
8625 8716
689 9672
241 1462
3725 9787
3998 7326
3945 9627
504 1128
5440 6166
1110 2409
1344 3450
2615 6204
157 3603
5694 9851
2498 5598
701 4694
8167 9845
3978 7452
2984 4041
3320 4050
7398 8297
4617 6987
3231 6403
577 8241
2726 3658
3328 6691
5521 9656
796 7019
194 1085
88 7829
2528 9706
25 139
8609 8663
1081 1677
4568 8472
3080 8831
2560 6409
6021 9810
5554 8216
1933 4738
148 786
8053 9003
6405 9151
4031 4752
664 6756
1858 8631
6926 9071
8776 9535
263 1587
2651 6413
1821 4109
4324 4565
5452 7868
2972 9096
4393 6838
6921 7533
772 1610
4937 8933
4726 9668
1780 4087
5478 7899
1513 5914
2834 2849
5757 7662
1002 4578
446 632
2616 5982
672 5617
2387 8045
4173 7958
1463 7964
5312 9594
2185 4928
1493 4294
6196 9462
316 6972
5090 8639
4435 8439
917 2088
5341 9991
857 5510
6750 8205
7850 7976
5646 6444
6420 6891
2610 7675
3971 6710
6510 9540
7409 9241
1119 8036
8002 9817
5712 7711
1968 6602
2745 9390
586 9748
6814 7647
1349 3223
271 9451
7579 8199
6061 8767
2725 8197
2151 4775
2263 7720
8224 9794
9229 9308
1698 9592
1160 6705
3862 5998
5036 5603
1962 5913
5433 5531
1789 9324
548 5844
4637 5081
2233 4276
505 8661
8253 9558
840 6444
8205 9536
7040 7826
7 2205
5990 9422
3951 6342
7046 8428
255 7194
2419 8888
6929 7431
1547 8248
5463 6765
3240 8794
2317 5149
2911 3545
855 7883
6748 8355
2205 5336
2578 8808
431 9460
3521 7075
5418 5703
396 5093
3636 4779
3178 5206
35 6378
2160 6380
2370 7709
9045 9912
7673 8317
412 9895
3486 4820
1533 9813
1901 6992
2327 2600
3412 9034
7620 9080
3330 3563
3511 6031
1315 5668
2546 8448
5725 8969
5323 7894
5499 8412
6630 8777
115 8708
929 6225
1595 3990
3335 4534
6872 8119
243 1967
1700 8583
6823 7495
3349 5327
5886 8868
8015 9743
6498 6646
4112 4596
3103 3748
2987 4051
3684 7700
706 7905
2893 8926
4003 9746
7936 8194
6108 9357
2222 8921
4195 5026
2402 7312
3028 8040
6148 7646
2153 6483
1075 1083
6023 9126
490 3449
233 269
910 8496
409 4997
466 7618
6017 8681
1092 9775
1799 2336
3186 4453
2936 8431
5599 9172
2646 3557
653 7292
0 7929
5320 9545
2735 5415
4536 5228
1824 4627
7461 9491
732 2442
5732 8521
1901 6787
3314 5483
2523 9242
8533 8899
3077 7929
3234 8690
6156 6596
2111 3063
6654 9842
608 8184
7153 7389
727 3988
966 5554
6627 7273
2036 9257
1346 2373
2854 6109
2404 9902
531 3283
5995 6898
1085 4381
4915 9191
4632 5299
663 2529
6317 8556
3343 5012
1640 2466
6314 7285
6318 8886
5805 9166
2945 8119
5126 5404
612 772
3525 4612
4956 8241
340 4508
207 800
4745 4944
2218 4281
2525 5003
6127 9272
614 5433
7110 7715
569 9395
3832 4413
916 6259
7670 9540
3836 6124
4510 4541
2128 8956
358 7672
541 8852
451 3245
5165 7259
195 4571
4973 9616
2595 6753
8765 9874
658 2481
5933 9475
2565 3442
2938 9304
5826 8553
1587 2480
4827 7116
3569 9118
6681 7711
400 9307
7463 7824
7907 8477
9785 9814
4561 5167
1153 7903
888 7472
4025 5177
5203 8696
4350 7502
5136 8937
9 8644
4782 7486
2845 8689
6398 8518
172 3900
454 2423
1086 3012
7581 8326
439 1979
1041 9274
5830 9219
3947 5147
719 6412
4129 6964
7456 8068
3871 7303
6697 7349
2983 3914
3732 6703
1230 7636
7735 9594
4993 6714
3126 7765
770 9763
3253 6957
6288 7508
3575 4599
1444 6129
2795 7467
1091 7555
3381 8144
4283 9822
4861 9153
1732 2051
2579 4435
8719 9734
2482 8160
5051 6485
1026 8728
219 4728
941 8584
45 718
1889 4840
3935 5629
4986 6420
3632 9904
327 2167
3181 4734
986 6968
1938 5863
5279 9747
9188 9907
1690 7775
165 1891
5206 8766
1142 2779
1379 4103
4726 8301
2324 6262
4108 6956
262 7836
5437 6937
8760 8828
2080 7505
5206 7504
1213 2240
3639 4606
2255 9158
2339 3641
6372 7758
1061 5855
3267 8993
417 5358
2192 4477
2161 6166
5152 9337
4569 8287
980 9743
7135 8722
4928 5544
1747 7330
3931 6495
3487 6608
1756 8163
4054 7799
5486 6115
3510 4405
254 9478
848 8827
510 9611
3180 6189
1247 8622
2735 5698
2266 5152
5476 9152
5520 8227
74 3230
1079 3080
1008 7259
705 6000
338 5648
8250 9866
1260 1875
4360 6661
4560 7477
2026 5198
3570 7524
1149 9883
2690 5379
88 3784
447 2434
2427 4413
6119 7478
2613 8802
6125 8240
3624 6513
8226 9047
979 7963
2632 8831
1618 9044
3481 8816
6206 9094
1031 9947
8161 8645
3837 6911
3175 5229
1117 8508
58 8821
4802 6826
2309 8531
3921 4599
4134 4415
5123 7229
3620 4157
731 4649
3894 9091
3027 5455
3751 4462
2554 9164
8116 9085
4608 6842
274 5274
1693 5591
5799 7329
9106 9924
3415 5116
1359 7669
3135 5792
4025 4331
8592 9979
6934 9910
418 6636
8052 8163
6324 8115
4342 9022
4982 9623
185 6220
421 9954
203 9866
1649 2789
2864 6048
1595 7016
405 6569
245 363
3433 7243
216 2125
8875 9289
336 6276
1291 1421
3600 6533
624 9820
4775 5199
3868 9480
215 7585
7964 9396
446 1232
452 1900
1414 7367
86 5777
5110 8857
7035 8670
891 8096
2991 4896
6370 8647
1481 4309
96 7092
1044 3057
1980 2045
965 5807
7723 9190
5074 7015
6053 9131
922 8988
3767 7133
817 5435
6779 7329
1902 6696
4368 9742
170 1502
5537 9655
951 6924
6498 9818
1582 7626
4964 8461
938 7243
748 9532
4389 9719
1421 7774
3027 5097
7141 9399
647 4725
4509 5052
2663 3361
1626 9198
750 7413
4937 9618
1713 3284
871 4227
1368 5143
4883 7103
2367 8979
953 7317
1501 7078
3292 6006
1762 9257
2891 4672
572 1188
2553 3412
1629 2291
1861 4720
1797 8085
46 4924
50 753
2418 8645
2053 7698
2230 4621
78 2481
4101 4266
3315 6032
6237 8632
7893 8719
666 1014
5156 9738
17 4751
496 9747
6495 8482
4444 4650
2178 5506
7608 7946
3804 5941
8536 9256
185 9507
287 5596
3482 6005
1009 6313
8057 8456
3954 4458
1223 1795
3893 5915
2959 3952
6061 6668
4136 8440
3922 4773
4852 8420
3384 6746
8803 8954
394 1360
768 2125
1073 2340
1365 9929
5644 8210
822 7682
3174 8749
2337 5353
8064 8673
4714 6810
3608 8033
2721 8002
3280 4806
2437 4134
1818 3221
395 459
434 6704
293 459
4131 6389
187 8333
4509 4607
657 5576
2815 3340
270 4087
6139 9595
9649 9967
3164 4363
2966 9397
5512 8543
2091 4538
1603 2813
2905 4094
2274 8683
7084 8579
234 5881
4626 5649
6800 8679
2009 6631
3982 6137
2114 7689
7509 8794
5464 7301
315 3656
1602 2250
1454 5200
2792 8852
2349 2678
1728 2701
5159 8707
9640 9672
162 7736
5940 8429
6031 9864
92 5572
400 3937
3675 5812
4248 7782
776 6038
5538 9813
3767 8016
183 9894
1988 6916
2696 7579
540 4185
1109 6178
3233 5637
6277 6331
3155 3471
8555 8719
4857 5821
2108 5237
5862 7261
2854 7354
3737 6819
4385 5202
5834 8956
9098 9445
4744 4984
9484 9720
2650 8224
5890 9652
8495 9682
1838 9450
6103 9097
1675 7185
2861 5073
3319 3874
6313 8928
7332 9137
2546 6884
7160 8741
4118 6257
2265 4906
4014 5398
4611 5888
3321 7015
4076 8904
4314 9630
2696 6833
1039 8852
1412 4204
7161 7844
3605 4352
4327 6424
5682 8729
160 4053
3342 4226
2459 4260
2726 5135
457 1708
4379 7119
3896 9218
193 5913
7317 9616
198 2525
3175 3292
2621 3977
1224 8998
5403 5831
7061 8452
1436 8792
6946 7760
3594 6072
72 9428
1210 8959
1500 9552
3339 8846
1822 2997
3112 7597
299 7859
7434 8895
7335 8635
3525 4811
7518 7603
758 1889
5125 6777
3192 9146
1245 7186
5904 5937
164 3546
2145 5048
1113 1824
1536 2666
7046 7685
569 3425
3051 7022
1634 9478
2166 6877
3979 9233
4101 7778
4599 8761
2520 6854
1418 4596
668 3651
494 5553
4714 5754
2196 4248
602 7822
1320 3533
3360 5516
3092 8616
3494 9267
1240 2168
7450 7790
4 2837
284 5477
7302 9263
2850 7187
6392 6618
3017 8389
2585 6726
4245 4596
2464 3269
776 6021
2978 3123
751 7330
3597 6672
1462 3666
2946 7425
1494 5849
1033 5411
3034 9522
4440 4559
3649 5559
605 5584
4113 8402
554 926
51 2607
6807 7236
6961 9001
551 8029
3707 7340
4915 8982
2191 8903
5021 5210
4732 5950
365 3872
4963 6060
2891 4551
4654 6335
794 8364
4538 8421
1274 6705
3672 8654
3214 4196
2794 4596
2284 8310
5973 6444
8249 8490
5321 5463
1937 5611
2344 5103
5837 9961
1862 8467
3769 6454
251 8575
1570 9323
1963 2263
7781 9785
5771 5878
2464 7341
1592 4463
721 1399
5956 9880
4583 5420
656 6064
4805 8655
6630 9376
1708 1751
4516 7974
6789 6935
3585 7498
1628 3735
3218 9451
1777 3299
2894 6747
3364 5645
2484 2895
4883 8936
5361 6660
6310 7776
6077 8936
1203 9742
7216 8008
3041 7629
2959 6861
6175 7704
5406 6193
6996 9175
4703 8498
3530 5660
113 7231
1019 6474
2091 5081
4117 6915
3629 8201
523 5174
2169 9380
6909 8163
4723 9053
2594 2798
367 6993
4168 8518
7272 7991
6173 9995
8790 9196
835 4342
660 8984
929 7369
6955 9615
3913 8872
7147 7179
3502 6489
4341 8850
8272 9977
1204 3261
199 8268
4442 5887
2713 6992
3534 5043
5534 6563
2903 7225
1194 1460
2392 9697
7866 8046
395 1588
378 5419
3501 6337
2384 5317
5473 8488
1343 9146
3906 9629
2350 4648
7231 9331
1658 6907
1552 3667
976 3233
4959 7406
824 7512
3575 9129
3381 8771
80 9954
1187 2297
8269 9768
7555 9704
8034 8200
1233 3418
1880 3116
4651 8083
1519 2434
3190 5275
2624 3994
2931 7971
4587 6173
441 3353
4079 4728
1922 5116
5700 9796
933 9024
2740 8259
5252 6679
1070 5860
510 6192
3271 6658
2570 2870
1266 1626
3828 6854
118 7393
3093 5248
591 2799
2272 5933
1766 7060
767 3912
7170 9069
1498 7532
2356 8908
5560 6381
3138 5572
3501 7470
1353 9460
288 997
4812 8901
1616 8455
7185 9329
6607 8488
5551 8489
2351 3758
4161 4955
4385 9759
5998 7170
8462 9762
7063 7855
5772 5836
485 5671
2062 8335
1129 9705
264 5946
3677 5452
3773 7794
1857 9833
2904 8855
3448 7446
1994 8167
1579 4195
726 4620
6942 8227
8654 9119
778 8864
535 929
7031 9943
2159 9629
1976 6227
7088 7230
3660 8020
5751 5949
338 773
2576 3012
393 9831
1891 6995
1960 9498
2587 7333
1798 7242
1813 2807
10 7779
2092 3300
3672 4508
2936 3139
1802 3675
4685 6561
937 5228
766 4318
2388 6041
4496 5628
910 4177
4506 4926
3231 3968
548 6553
782 3667
3651 7780
4929 9524
723 2028
2316 4974
5277 8286
4022 9846
3888 8659
2829 4267
564 5370
4960 8479
4389 5437
2243 6767
928 4396
9278 9942
5673 8930
212 3645
1404 9187
184 337
217 5287
2235 6281
926 3258
5562 7004
1714 5353
435 694
6433 8124
7883 9764
2190 7503
4892 9793
4436 4783
3650 7107
5948 8551
7838 9637
1320 1892
3692 7064
3686 6663
6476 7478
3790 8968
4813 8238
2482 2843
5332 9177
1945 6925
6802 8031
3719 6185
207 7452
3652 7008
2333 6533
5272 8828
3708 9486
1060 2076
1612 5243
2236 3611
784 8991
4246 4993
3998 4415
3028 9865
627 4885
4792 6100
3022 3604
610 4827
1436 3592
2639 6186
579 5666
3334 8497
3322 8212
2111 3827
1855 3660
1150 3404
2407 5012
6352 7619
2393 5272
108 8661
5234 6649
524 7733
37 3025
27 675
2907 6216
591 9701
8925 9126
1389 6724
5951 9630
908 2024
1731 9770
1419 8722
2745 7041
2369 5578
7448 7612
1706 7061
380 2907
2616 8092
2280 5872
2495 6674
6523 9686
708 1070
1542 2174
4612 6629
7669 8262
4186 5987
5747 9966
2484 7050
3231 9194
3769 4287
5231 9178
5700 8184
470 8267
5058 6553
2836 7614
3811 4188
826 9341
1244 6661
5897 7863
9060 9204
2619 8011
5031 7432
2704 5551
2998 7038
2575 7152
2422 4916
942 7455
5624 8063
4434 4611
5095 9359
1537 7083
1156 6513
1324 9874
4766 9185
358 1252
3428 7432
453 9662
5398 6950
6709 9781
5108 6349
1372 4746
4276 5968
4151 8749
5929 8760
5653 8607
460 3888
733 1269
876 5731
982 8516
534 3065
620 9799
1594 4627
8206 8952
4701 9433
2283 5841
585 2660
998 1247
5537 7345
1393 4906
6088 7639
2225 3885
6264 8277
1496 4682
5075 5738
6572 7395
3400 8297
1338 3539
445 2480
2096 9706
6004 6877
2396 6861
1764 4849
286 5891
1353 6923
4378 9421
6736 9606
552 4891
2605 5301
4209 9325
9126 9366
6782 9104
4989 7021
3474 4557
5017 6804
1554 9756
3629 4780
1119 6339
1777 9891
2076 7509
6996 9622
2907 3836
1700 8461
4938 9731
1434 2028
2370 6467
2141 7547
3021 4595
1702 8267
1122 1978
5509 6395
2233 2866
1530 2776
2250 7577
2576 6964
2559 6382
1540 8983
1240 5690
4524 8743
604 4596
1052 6815
2136 7655
5261 5639
647 5643
1102 9332
4859 5434
4491 6707
1913 2775
5225 6702
1702 4363
1771 7742
1734 9975
1234 4047
2094 3838
1892 5697
9942 9951
2768 9157
5908 6699
1040 3686
4284 8214
816 9626
4051 4573
546 2081
1220 7413
3298 6102
1026 5513
1974 9177
408 7126
1868 2244
3247 6162
3617 3657
4194 6298
2474 9613
6152 6421
6857 7623
4397 9588
957 6002
4720 8007
316 4587
236 2240
6218 9413
1666 3679
592 836
1360 3070
3711 4710
3044 3383
2598 9467
3936 6132
3221 3742
2159 7457
1548 2279
436 3905
3524 6117
5083 9595
9018 9382
3914 9761
2503 6802
2132 6250
7191 9666
2308 7674
3494 9555
4918 8853
1882 3805
1001 9458
3621 5197
2887 5980
2732 8679
7823 8865
8698 9883
1797 9006
6233 9802
5669 5891
569 2322
7248 9161
4166 6451
7913 9615
600 5934
932 4333
2655 6563
6737 7977
3730 6346
1859 4375
1355 9127
3912 8463
2046 5022
4560 8942
3580 5563
552 1709
120 1530
4099 9022
4734 9954
7988 9365
293 6059
6823 9264
735 8736
256 4279
6761 8071
3970 4993
4149 9378
2329 2345
39 9298
3563 4498
1891 6471
555 8103
2605 5027
169 8039
829 6144
2989 9892
4458 4725
946 1140
3656 8720
577 2138
7034 8311
1467 9737
5330 6568
7700 9762
4802 8522
5235 9236
165 9341
1495 3825
8870 9814
2217 3206
1067 2363
3181 8687
7515 8647
1254 2844
1854 9501
4519 6062
4084 9467
5713 8870
3401 7042
3673 5243
1400 7022
1912 2329
2084 2364
9188 9257
555 1899
2358 3295
6324 8875
5340 7247
3816 9313
2980 4282
1185 9514
2675 7764
7977 9584
5555 8206
290 6836
4721 5488
392 7842
3767 8451
7391 9606
1725 9077
7628 7766
2453 2525
1653 9082
6100 8930
6332 9552
5359 9978
4741 9212
305 2701
852 2315
1515 5492
1087 6587
2111 7083
733 7590
3872 9531
4499 9278
5143 6529
7682 9080
1432 6314
963 1970
1452 5639
1830 8614
756 9261
3087 4205
1462 8403
3869 6478
5626 6134
5680 9503
2684 6421
2210 6763
5324 9439
3458 6647
5188 6607
933 6699
594 4036
5160 6098
2332 3425
240 8057
1782 3469
1004 6894
944 9950
168 4601
5723 9475
572 4197
4364 7871
372 2564
6003 6053
3919 6956
3727 9574
5544 9346
2200 3501
3093 5781
963 2344
931 5720
2995 3558
1505 5837
7202 9512
5069 9221
730 9071
5023 8155
982 7658
3963 4229
2645 8991
2262 4168
1187 3472
2218 8025
2831 5663
937 3838
23 8472
512 3181
7015 8313
3059 6900
7736 8392
1812 8655
5625 8298
3564 9866
3439 6385
845 4852
620 6662
4755 8689
4340 6278
1451 2771
5084 5987
2831 8078
583 2164
370 8467
1095 7082
7572 8661
1567 6995
6170 8886
2773 4580
432 4006
3199 4232
464 1677
4966 7035
5337 5465
628 6518
5501 9684
1053 9036
4364 9947
4015 7335
2046 5943
2845 8378
4203 6968
4728 6783
114 1404
107 1776
2449 3191
3321 3618
8715 8987
5192 9666
1337 9140
2065 9305
4622 8700
432 3439
6541 7691
4045 5598
6770 7015
9425 9998
8088 9592
3823 9154
2293 9231
1830 5048
792 5837
1980 4368
3355 5441
5405 7377
4813 8596
806 5717
4645 5013
1315 9146
4460 9806
5091 9120
896 9965
4816 6069
6576 8377
1811 7093
1486 4966
3258 6578
5037 6745
1381 8493
1506 4329
525 6863
3348 7039
2318 9562
4389 5667
5313 5391
2900 6576
83 8990
1399 4696
7934 8248
768 1076
6013 9619
5484 8419
499 1461
3554 6334
1846 4792
6629 9351
7087 9702
2356 5567
3575 4129
5640 8585
7997 8304
3672 4861
1818 5058
4489 9378
5925 6748
1476 3768
362 6970
64 9131
3573 5147
8916 9859
1718 2642
1198 9695
922 1497
2890 6245
34 5146
2494 7226
4034 8853
1706 9128
5239 9848
828 5483
6416 7403
516 2950
1698 6747
5423 6446
1408 4017
258 4684
2007 6042
2299 7195
4513 6329
470 9153
2136 9230
3245 7699
2348 5735
3673 4962
2205 4974
8596 9974
6587 6908
4950 9669
1468 9658
7240 9953
2753 5030
3505 4682
6839 6855
6263 9447
3616 6958
2823 5527
2942 6187
5345 7815
1835 2740
5692 8491
57 8771
9521 9525
1688 3621
3959 6030
176 7512
5529 7143
1513 5957
3310 7925
7784 9173
4912 6325
1460 2435
1551 1969
4109 7976
4973 6512
3030 5144
4198 7641
4143 4962
310 4353
1578 5341
717 1700
3325 4714
3047 6495
5872 6829
1033 3335
1667 5194
6538 6744
4961 8709
5395 8062
4989 9556
786 4115
414 472
121 5091
7048 9616
3433 7675
2153 7196
4008 5671
4540 7584
1304 7976
625 3161
1650 3404
366 4123
3071 4261
6353 8809
2526 9957
549 5900
5692 9566
3620 5353
3232 6054
2319 8612
8361 9736
3374 7933
4656 8210
289 7082
6831 8276
1762 1947
4525 8048
641 6024
1974 2921
1293 1557
3693 8107
477 2844
3957 7316
7098 8927
8451 9097
1944 6361
633 8987
1419 7077
2014 7743
5529 5597
908 7582
6240 7444
198 7454
5736 8917
6504 9753
2663 9581
433 4932
2233 8960
7677 9863
2877 8149
4320 9796
505 2833
3429 5773
8508 9428
243 2964
3549 4550
2203 8448
1642 2083
896 6189
54 7791
3461 4780
7305 9397
5288 5482
6572 9988
379 8152
2711 8703
4701 6174
5737 9198
1642 8509
8296 8985
1112 3407
4150 8653
220 8841
2367 5849
99 3275
1086 1369
2614 4343
1496 7752
2508 2615
1694 9622
2182 5418
3038 8118
2217 7377
3339 4201
2364 8453
3378 5749
2258 9565
2399 4599
1279 7678
2040 4431
9635 9709
5728 9479
1732 3824
2704 6684
6713 9213
2803 9892
329 657
910 2898
4375 4690
7583 9749
441 4399
3795 6545
5518 7943
2502 9627
320 9515
307 8001
901 6883
2103 9927
2674 4310
5 4917
6993 9960
1510 6704
8329 8491
2455 8132
2704 4524
6077 7335
7461 8949
8176 8188
7389 8969
534 6234
1747 5211
2064 2541
987 5080
4525 7221
3610 8126
2126 6640
2946 6180
2562 3050
3913 5211
4139 9290
1648 6652
1330 2667
4573 5944
3297 7243
1888 7519
2732 6327
3555 4306
3499 9378
243 5542
427 4338
2802 7809
4138 6628
2613 3788
851 6945
1963 4859
822 2244
6106 8798
2878 4733
3316 4888
8905 9519
2595 9251
5370 8786
1859 1997
3037 4800
3022 4353
505 6267
5295 7168
320 4198
1258 5385
5028 7751
1072 6664
3052 9032
6154 9044
4587 4687
957 5873
1258 5841
2650 3984
755 5909
8027 8501
2645 4317
1882 7867
8573 8851
1673 5287
2658 6517
7802 9700
1789 6830
2705 4891
3334 9660
1123 3882
5099 6601
2153 3155
3908 5591
2598 6235
852 7233
4293 4958
4526 6536
195 4726
4435 9600
1122 1211
6849 9424
138 7160
4498 8869
1764 2276
1654 9642
6576 8363
3870 7611
366 4007
575 3141
2042 6948
2888 6362
5401 8279
1760 8085
7772 9868
3605 6668
440 7692
462 1081
4642 6254
1694 8310
6917 8704
1772 1775
520 2017
647 9635
3575 8255
1311 6013
3855 7653
508 7267
4037 7226
121 2362
781 9232
1481 8368
1374 1606
2622 9109
951 9632
6769 9612
1816 3992
1567 8858
2432 6954
5290 5740
4023 8786
1852 4839
1601 6430
4951 5535
1026 8719
5887 7290
2272 8866
6567 8641
2460 4864
1568 4841
4451 7503
3687 6479
5822 6169
748 4051
4998 8257
1539 7571
1504 3512
2782 8517
6893 8928
3112 7760
6209 8454
2665 9064
4766 6969
4139 7079
93 1103
804 3990
1795 2988
9238 9541
1625 7863
5588 9205
826 4391
2123 6431
847 8145
6394 6662
4613 6523
3901 7623
215 5646
1719 7384
6434 7333
5359 8513
7266 9694
3012 4554
1065 7843
5907 8431
3233 7310
2396 9457
2826 8960
1211 2019
6036 7326
4830 5786
1020 6590
4730 6841
4238 4750
857 7137
1657 3421
5223 8739
2897 4170
5018 8664
7401 7704
511 3088
2890 5443
194 3618
4578 7464
5031 8002
5554 9542
1655 7039
1492 8142
3211 5919
2877 9126
3624 4766
3841 5174
5847 9941
6836 9977
866 1327
1144 9827
3986 8911
685 5289
102 2858
2101 7656
1672 3414
6083 8668
2869 9512
2288 8442
3203 5538
2264 4412
1875 6272
765 8297
4321 6517
4786 7300
4157 4905
3338 8462
1327 6760
4158 6365
9366 9741
3637 6894
3748 6170
1519 5219
52 6415
1631 5303
340 3469
5599 9501
8692 9855
1027 7439
3071 3411
2182 9948
9413 9567
1972 4492
588 8898
4241 7738
813 6836
6332 7584
3835 8830
879 3689
189 9558
2425 2747
1520 2528
1891 9294
688 4181
6675 8188
737 8931
7960 9326
5335 6844
8968 9322
4092 7723
2680 4611
5323 7315
3219 7325
3511 5744
3834 7273
1162 3182
3066 3577
8659 9263
8018 9150
3617 8336
933 8984
7298 8310
472 1287
6455 9796
4362 6577
72 9068
2335 7028
898 3949
6706 7555
7791 9814
5377 8453
3635 6390
260 4934
307 9778
6817 8301
1392 3376
1741 2194
2973 8495
1733 9629
3184 9785
2774 6516
842 3972
2660 8390
7377 7457
4256 4994
4815 8994
1572 3507
6388 7131
4123 6575
4843 8978
1637 1798
1152 2829
903 4605
7405 7662
87 6187
1463 8630
7534 7776
7724 8691
5933 8238
1221 9789
5450 6715
5149 8183
1608 5702
4354 8471
961 6478
3845 4646
2842 5514
12 6502
6921 9215
2086 6477
8969 9825
2671 5524
2628 6312
1313 4381
5882 7629
991 1715
472 8781
8120 9076
3720 9634
7904 8637
475 7009
3648 8321
4249 6209
3025 8099
3323 6528
1535 5609
7505 8590
5754 6719
5831 8138
3584 9924
6916 8903
3226 5015
2630 5864
3717 9463
3877 7787
3293 4876
3925 5143
8998 9085
1463 4705
272 8684
3402 4452
3438 9284
8761 9216
1906 7659
3056 5863
238 9532
4088 9731
1222 6760
1700 5018
5120 6881
2701 3873
2150 3288
2108 7856
3725 5338
1568 2689
4127 4992
2872 5270
5636 6985
4215 5407
964 8407
4016 8902
1093 7290
5353 9856
4512 7909
5696 6046
2286 6228
6123 7429
704 3915
7564 8313
5402 7571
2024 5327
844 8405
5006 5126
3956 9319
2426 6919
4959 6903
8102 8479
433 6754
2236 4431
6822 8406
419 9076
1614 6287
3356 6094
1512 8331
169 3635
1247 4916
1882 6551
2892 8181
6075 8224
9185 9725
3938 7413
2526 6377
2520 5370
5740 7158
3865 8993
1643 9686
1203 4947
3328 3532
632 7133
7687 9723
2664 7765
4267 6434
5946 6402
3371 7611
7855 8939
6368 8877
5180 8309
4669 6396
148 2924
1533 9515
574 9856
3467 6502
6087 9161
4849 4949
3912 4974
5486 9628
891 4602
390 6428
4799 7502
6758 8830
3185 5897
1460 6715
3795 6209
1388 8055
5927 6551
1565 9363
3113 3912
2962 9813
3689 6143
2194 7832
402 4949
2309 4250
380 9795
1467 8885
4003 7368
2586 9712
429 2136
8542 8926
2835 6457
5456 7018
3606 7855
1286 4246
6226 9056
3238 3587
2490 7084
1504 4437
3322 8781
3761 6707
665 9807
1597 3588
3939 5066
5336 9545
8240 9976
884 4571
7459 9194
1261 6490
6642 9614
1023 5470
5910 5927
1312 1402
3025 9876
4115 8113
144 1595
380 4627
130 5449
4551 6137
2858 9672
4666 9362
1365 9837
1976 8744
215 1833
2701 6138
6152 8708
4578 9449
2961 8368
1858 5764
1386 2743
682 5364
5105 9664
2261 4835
1651 9611
1039 3121
5860 7792
413 2507
3563 6957
1505 5288
5224 7621
2882 4214
3939 8969
4543 7334
7041 8366
6082 7297
7153 8437
630 7588
2335 2529
2588 4144
8729 9516
1068 7201
2927 7032
849 6953
1043 2574
291 5550
5252 6334
2739 5743
7096 7456
7856 9395
8026 8702
3909 5622
6987 7773
3562 5865
9441 9677
3001 3295
248 5334
5171 8327
5307 6123
3587 9951
2615 3413
84 7276
1756 6971
930 4453
2690 5656
6403 9358
8896 9069
205 1199
2675 3711
2609 8796
1475 1819
6753 8126
2010 7030
6720 8860
3853 8082
5131 9056
1045 4955
5791 6072
4881 5521
1303 2117
739 7376
4532 6842
2154 3658
3951 9228
988 8633
4894 8226
3899 8181
3720 3873
339 4139
821 7122
7367 8373
8961 9602
5169 8950
757 8821
1342 9829
3517 9758
3746 5098
293 1049
3832 6152
6688 9261
4914 5232
5787 6192
7127 7221
3981 5905
2798 3424
9341 9812
2963 6047
937 9869
3426 4519
1935 2195
435 1341
708 6790
3768 3779
7872 8278
7379 9842
155 634
1710 5592
4721 5284
6217 7184
692 6172
206 242
5793 9557
6683 9632
7414 8531
5198 6437
2228 9017
2084 9811
4000 8325
2263 6893
639 3818
2652 7646
3182 3640
1473 4750
7361 7681
3542 8689
3307 4297
5800 7760
2155 5541
623 1507
4687 5777
4880 5698
42 2385
2713 5187
5475 9027
300 7093
4701 8336
4846 7174
4438 9851
5772 9184
7399 9536
1797 1975
1541 2929
1385 4182
5335 9475
290 7056
1757 6116
4391 6624
6133 7530
1732 3867
4339 8753
1635 9013
1920 9796
950 3284
3856 8753
6901 9697
4062 4666
1298 4855
457 6974
1690 6774
4860 5355
1784 8981
1416 7854
6967 7710
3203 5901
1058 6947
7710 8585
4261 8602
4834 8487
2625 9203
5896 7555
214 6206
449 2406
6116 6837
5322 8051
684 8925
1025 3751
7680 7931
3846 5064
8738 9672
2990 6771
189 7888
5205 8064
4409 5002
9197 9420
2477 9258
2941 5856
502 3496
5277 7053
3683 4770
5076 5347
603 9503
457 3685
3571 7459
159 4611
396 8406
240 6958
751 5733
4287 6649
3588 4381
2151 4098
3419 3523
1435 2573
4547 5794
502 6434
664 7231
8283 8979
3446 4731
2870 8317
4266 4330
6303 7809
5414 6402
5028 7193
5822 8530
2197 3614
5031 9370
1295 6386
6054 9432
6335 9560
4148 5875
4891 9532
950 1779
1158 6278
2578 4970
5614 7841
3869 9944
6300 7761
8116 9299
807 7759
3609 7409
915 9892
5005 8633
3181 3962
1566 2896
6368 9414
8793 9512
6824 9868
3167 7704
2866 5815
1181 9643
7358 8236
3263 9358
1418 5738
1668 7528
386 1214
511 6280
2582 4477
269 5285
1567 5000
4250 4781
8052 9517
95 3176
2376 8616
344 1614
2739 4496
537 7331
1720 5088
4556 8341
3157 8771
1444 7567
720 1280
4588 6111
3696 7041
2056 3789
6452 9080
6462 9954
1083 9722
3713 9242
7189 8919
8157 9440
855 6298
9411 9770
33 3254
2643 8321
3796 4665
2829 3775
6778 7680
3305 9939
5913 8948
4196 7716
2301 3904
7028 7884
3621 5133
8673 8792
346 3209
341 6284
6405 8225
6135 8145
2267 3387
501 2588
672 8286
5591 8644
4753 6606
2004 2153
7565 8561
4560 9175
6245 7032
8114 9771
1897 9556
1162 4959
4648 9119
5759 9597
7809 9497
5486 9592
4239 7172
726 1265
4376 8938
2231 4080
3029 8454
2038 3114
2140 4564
3324 6429
935 7979
4381 8401
5397 8392
2882 6694
8195 9093
36 2806
3048 5549
657 3606
4254 8117
2590 5751
1153 8520
6990 7025
257 3433
7704 9979
1097 9978
8741 9004
2999 9692
7396 7731
292 8268
393 6553
3179 7790
4059 7065
3428 3568
2279 6394
3274 3830
138 7135
2948 7053
845 4086
688 4926
6541 9148
904 6928
1873 8835
6612 9924
885 6651
642 3898
3871 4074
1175 7977
1321 9163
3253 7149
3451 4233
3539 4844
106 9773
5065 5584
2339 5342
2294 5062
5766 7592
2781 3724
41 7695
6419 8251
4713 8992
1640 7910
1636 8370
929 8935
3843 5857
6554 8877
6578 9998
6464 9150
2258 7461
2679 5245
2285 9261
2912 7258
269 7605
4553 4821
2205 7691
1416 7136
2593 4840
2004 6516
2838 7578
1785 4228
1534 9767
2913 8817
6148 8777
3045 9245
453 3869
2100 6548
5299 5797
3648 6512
2848 4326
8551 9735
2829 8284
1495 5321
7189 9420
1059 5501
80 3360
5556 6016
2429 9392
5085 6214
4231 5741
1671 6752
2681 9013
33 5697
7618 8208
1215 5753
559 2142
6879 9591
1488 2553
1168 9045
922 1303
1798 5223
4336 8117
3781 8994
3051 3999
4828 7976
5156 9850
8937 9055
5231 6583
3272 5462
1853 2922
8195 9273
8006 9154
5455 9903
1672 9278
3372 8186
5344 7036
6225 8340
8225 8845
4830 9477
5331 6965
2382 8510
6081 6665
4649 6729
498 2649
2000 7437
7622 8540
1565 2890
3090 4176
6528 9867
851 8748
4005 6657
3121 8157
977 2255
7175 8096
4431 6065
8173 9451
2470 8043
3921 9792
3436 9376
164 3980
5506 6900
3535 8477
3721 6617
2225 9282
7973 9889
5692 8426
5082 9200
485 2755
188 9315
3896 6636
5247 6258
1534 6592
1284 4947
3023 6592
1363 1447
3911 5831
885 9671
3081 4704
6005 9825
3050 9838
2368 4317
5051 5834
1464 9593
299 1400
3195 7176
5028 8927
828 3694
2992 6173
6842 9700
3036 8684
7630 7991
238 2635
6939 8781
2756 4252
4730 8911
2902 3793
1936 3322
1304 8102
138 1316
4539 8673
2220 4182
4385 7011
838 9112
6818 9815
717 2474
7056 7185
430 1234
3456 7513
492 3724
2561 8335
7464 9703
6270 6968
989 2269
3429 4766
71 2634
7418 9041
4363 5443
1139 4453
4146 8457
5551 6651
2265 3222
865 1847
680 4288
430 7029
2404 5008
6122 6869
5256 8931
78 5537
6772 7684
1680 3970
2080 6669
7188 9060
435 7065
998 2294
2956 4937
4066 9513
4268 5355
8041 9325
1115 4503
1465 6818
7599 9693
2335 6448
1781 3766
4373 8086
8762 9782
1030 4905
412 4763
5198 7323
843 8336
2699 4688
1238 1787
3613 6153
5391 7597
5428 6088
671 6524
6442 6942
2247 4779
4747 5598
1681 7173
2481 3215
979 6960
3280 6576
3906 5260
4588 9766
4987 5389
154 3884
826 2359
3580 7719
1418 2069
6130 8803
567 8649
5315 7906
1581 4949
766 5190
8050 9122
709 2586
9752 9857
1394 9349
4854 9579
2699 6264
2356 8178
5525 9276
3458 9275
7676 7845
1546 2305
5136 7087
1346 3228
5005 5266
3210 9828
167 4566
5541 7165
8033 8995
689 1196
7200 8124
4250 6913
147 5564
499 5570
6108 7652
2233 9162
3392 3426
5232 5733
1385 4825
2449 9536
1095 4436
7786 8881
360 5903
1525 3975
7553 7664
7946 8331
1714 7898
473 487
118 4986
2027 6413
4655 5005
195 5258
5884 6004
2191 7982
135 6177
997 2425
3321 6700
4150 6832
6645 8579
781 6343
1525 8966
784 3511
4661 5115
767 6012
1061 1745
8144 9065
4688 8337
5782 8156
405 9576
2036 2563
507 1412
6867 9697
1361 9931
77 8486
4426 6596
2029 7337
5146 7396
2189 7070
3266 4756
8125 9755
8895 9734
2717 5400
947 7347
3514 6307
8427 9739
1247 8218
4868 5907
4993 7239
6162 8765
2989 8582
4918 7495
3553 4374
2517 3357
6328 6791
5331 8145
2096 7660
3784 6767
1111 5028
1682 9271
2085 4118
5016 6560
3600 7806
722 1634
1197 5635
4206 6840
3170 4148
8248 8893
1121 9987
4284 8280
48 8225
57 8000
757 8329
4717 8992
115 3446
703 8952
8367 9140
1716 6948
1312 1473
1159 5086
3430 6366
409 5397
9352 9475
7169 9386
3518 9984
863 9145
1331 3048
7904 9457
1724 1944
5787 8626
5251 7787
3465 9891
7121 8550
4017 7443
1306 9703
1383 4136
7981 8044
2996 4919
2859 7546
5581 9666
6378 8310
4723 8955
4682 5493
1457 5080
424 6942
66 9072
5969 9698
462 2980
185 1153
2708 8112
2962 9889
6298 8820
1482 1847
1127 8995
524 7680
655 5024
4064 8857
6619 8262
4203 6091
4577 6586
3531 6513
803 7735
4616 9433
1721 9135
2194 7853
2383 4301
58 3700
953 4279
6046 8822
1145 4590
2261 3530
2722 5086
4701 9121
4911 8591
7293 9787
5480 7655
4103 8416
999 5444
4122 6237
8573 9655
5776 7649
3965 9363
4135 8040
2982 6695
1920 4676
1602 8509
1678 3033
6024 7697
5520 8553
1658 4113
1563 5843
1703 9831
1341 5151
1130 2742
3472 5934
1036 5970
2459 2922
1114 8503
3205 5652
3949 5324
538 9159
7567 9605
2304 7755
7465 9793
1719 8385
7247 9758
4680 9808
8579 9933
2894 6599
2935 5088
6791 9916
1586 7998
3870 9419
350 3912
3579 7607
2243 7980
473 7562
4850 6052
4349 6692
1738 6909
2361 9427
9666 9703
1459 3245
2014 8155
1680 3146
7656 8635
5743 5808
2951 3477
172 4019
1026 5046
3433 9057
7994 9499
1678 8908
346 1509
7870 8672
4543 9583
1906 9224
6160 8470
4183 5226
5228 7205
6882 9621
348 4915
2492 2569
2826 5380
1916 4065
719 8487
1732 4622
979 2212
3327 5559
978 7673
6799 8895
1734 8843
2170 3789
2085 9818
5099 6651
1947 9990
1203 7990
5064 9660
3881 9386
6155 6766
3999 9599
671 2760
7 5936
2557 7390
1357 8111
1876 2617
6665 6772
1499 3655
293 8329
4062 6356
2589 5898
3684 8214
4670 8486
6833 9831
1731 3437
8432 9603
412 9803
4183 5188
2298 6016
2402 6883
3812 7497
2040 6618
4030 7067
3668 6243
1878 7792
2608 4655
7415 9388
3716 9281
6157 8033
2352 6925
1090 4710
1027 6574
656 2780
3939 4828
1775 1958
6800 8215
2162 6102
3880 9129
3215 8725
64 1366
2348 4207
2643 7496
6863 9265
3794 5468
226 8348
1936 4034
1554 2750
2106 2284
2255 4229
3861 5865
4173 5820
380 1215
6656 9859
6156 7338
2445 9297
1642 3810
802 6515
5583 9541
583 4362
3733 5202
3170 9830
2939 6421
7246 9741
7925 9093
819 3572
8080 8896
3619 8109
2642 4886
7084 9923
1156 5499
1925 2437
7585 8921
370 8910
1123 8288
2742 9879
4811 5553
1851 7675
720 9567
1621 3772
4889 7193
6913 8279
2542 4579
6252 8482
982 2743
169 2722
2131 8997
376 1922
5758 6777
3744 8995
478 8600
1249 4957
689 2186
5727 9781
80 1730
469 8902
4463 6819
7456 8660
1411 7483
6006 9272
2272 4622
949 1016
1903 2245
3898 8363
53 4474
4177 5476
3787 8039
4246 8020
3205 9446
3150 5397
2000 6215
5997 9139
1202 2350
2026 2750
3046 5365
6617 7804
1436 6481
6634 7486
6402 6650
1343 4397
1665 9482
1080 6258
1912 2838
5900 7787
966 2650
7478 8951
858 8160
8641 9699
3396 8793
5728 9633
4278 5150
3208 4126
1616 3609
536 3235
3762 8022
5427 9138
8802 9555
2909 4246
84 6993
5033 6466
478 2827
5303 6762
3231 4737
4251 7883
8430 8553
1732 8098
3512 5073
7755 9852
3908 9272
3202 4108
3908 8493
5253 6224
4378 9678
2821 5384
3379 4552
2462 9226
1681 2070
5132 8303
3003 4048
3626 6614
1666 9681
785 3314
1228 4447
8045 8532
1073 4382
878 4662
5436 6136
5927 9767
379 7320
7348 8671
923 8158
2173 4841
971 6389
993 7533
6300 9197
5347 9667
584 3854
2368 6867
170 8715
8371 9261
6298 7111
3221 7898
4568 7517
4559 8915
6829 8105
888 5359
3180 9518
5337 8492
3654 4139
1593 3685
1594 2188
5144 5366
8427 9871
2696 4951
102 4953
7359 8180
4727 4744
1090 9911
4397 4955
5499 8189
3534 3691
5128 8228
1574 2531
4356 9536
6155 9682
2624 3894
3207 9420
4378 6175
2633 7339
4493 9784
378 4556
4171 6584
2532 2982
1002 2875
3415 9494
8740 9639
7140 9344
1816 2496
4461 5077
306 876
3187 7111
951 8962
1649 5361
5595 6205
3893 4753
3525 9266
4860 8570
1783 6956
7993 8245
4169 8450
3123 9802
1704 6630
4962 9736
2235 5044
3156 5736
6291 7430
76 3788
3171 9728
2449 2715
2167 9639
2146 5622
2084 4691
7377 7488
5837 8438
631 6914
1937 9780
3620 8082
788 2859
2955 5605
753 4556
4761 8718
746 9641
1616 2380
4486 8145
4543 8043
3799 8297
5878 6303
7069 8850
5651 7579
1777 9011
3403 6519
3410 6312
1508 8670
3811 5475
265 8833
2358 2671
8801 9982
754 1975
1899 6902
4478 6439
2865 8171
2504 3721
3074 7179
1137 6075
834 6603
1930 2728
6978 9836
2564 4127
3883 5554
6532 9130
3085 3216
4683 5657
4256 7954
5147 6637
8468 9443
4284 9886
4450 8092
1086 1763
3634 7369
3158 7975
37 1539
5750 8785
1647 6365
2429 4194
2568 4636
830 3362
3724 5025
4427 6671
2580 3265
4160 5739
8986 9378
2376 5964
3094 5313
243 3547
2986 3245
5686 7161
2168 8000
7250 8410
1307 6716
297 4607
3328 6030
1164 6704
2433 5812
2186 4633
968 3237
3071 4465
6479 9005
3147 5710
411 2800
2999 4101
2513 5134
78 8308
8634 9782
2761 6418
663 8790
1795 8952
6540 9891
2586 4234
4329 5110
6747 8609
3110 3884
5261 9839
1675 7081
2577 2999
88 3724
960 4170
1150 7852
7233 8619
629 6829
6539 9918
4049 7338
4656 9977
1820 3291
2926 5963
6874 7589
6783 9819
2944 3911
213 9537
275 2431
473 2245
625 2728
2326 5273
4231 8980
5120 6480
989 3642
1616 6783
3365 9400
4105 6650
875 3874
103 5081
5560 6991
1361 9813
3651 8473
3057 4158
1140 1643
6864 6942
3812 6457
4253 5400
958 3533
2315 9118
1740 6970
2469 7293
1580 9182
5108 9348
271 8587
4404 6253
1389 3290
5999 8110
356 4229
1921 6689
8103 8132
5291 6320
2589 9695
1916 3022
5915 9564
1030 5762
739 9439
1702 6773
127 4040
1229 3442
2238 9389
3613 6052
5132 8051
4435 9117
5620 6603
4536 7721
2326 5661
4498 8600
1204 4215
1741 1923
2830 6540
423 5527
6882 9580
2576 7380
5431 6333
1667 9706
958 8454
1689 4847
3017 3380
6868 7580
7513 9469
2393 8102
1877 9648
2125 7228
700 7296
7488 8182
837 6204
3194 7007
3390 8814
3131 3290
5995 9713
797 7209
1486 5762
3516 7623
1375 6901
7968 9272
3101 4409
415 1086
7299 7468
1 540
2841 6798
2891 5603
3232 5953
5735 9317
1371 3134
3830 7381
2930 6974
215 8718
2520 7833
1364 8082
5397 7630
501 1046
3031 3892
1302 4804
3842 7108
7418 8417
7601 7681
446 9990
4696 8734
1301 5112
5395 7783
3021 5078
6297 7090
3276 8602
1478 9150
4149 4953
1048 3689
298 4570
6502 9048
3213 6395
5953 8550
918 7449
5072 9099
8669 9958
1234 5246
334 1458
2240 3770
1925 3690
3894 4807
2133 3229
1328 6836
2166 7823
541 1463
2946 3320
8786 9908
4289 4304
5251 6679
1340 3818
929 2939
691 1401
5121 6113
203 6280
2610 6400
1102 5251
1236 4041
3865 7283
2854 4888
2262 7532
415 7151
1586 3478
569 8814
6258 6490
1362 6323
5270 6803
3973 5280
3993 5828
38 8883
1053 3706
2407 9252
2502 8795
7847 9969
2078 9604
4137 6206
1589 2986
4260 8664
4861 9674
2780 3343
1934 9745
6027 9027
6520 7232
6949 9580
4397 9434
6567 9661
1570 4493
69 7108
4453 4677
2959 6698
4898 7635
2017 7630
1796 2530
1243 6737
1130 9459
7774 7878
1733 4992
4896 7137
8715 9839
5650 6581
1315 5920
1397 6029
2332 3868
2080 5681
2602 7952
429 742
931 8908
6742 6797
546 2999
6508 9149
284 5189
2153 8542
446 7336
4439 7768
3060 5441
1048 6172
2005 5303
413 1087
3931 9594
6193 8660
3388 4218
424 2705
5765 6976
2006 8606
2069 4730
2813 8725
512 5939
630 2090
748 4358
3703 6924
280 3938
6559 9137
1181 2373
6687 7595
4772 5372
2004 2378
8198 9776
1690 3392
4981 5850
2387 9285
3115 6180
4127 4355
216 9295
1149 8537
7215 8928
6969 7725
1135 3737
868 8328
97 671
7195 8377
99 7991
2713 4317
6481 7830
376 8371
8129 8459
2590 3650
2560 9879
1712 4553
2465 5574
611 8193
820 6519
3290 6739
4476 8642
1788 3814
898 6213
153 1124
5201 5329
1487 1985
1109 7450
243 6132
838 1988
4066 9992
4679 9729
132 6071
7013 9510
1993 2291
3289 7666
2385 8979
6921 8114
233 2911
7444 9724
5161 5367
1937 6008
5369 9273
3317 7937
1022 3120
1439 3691
4385 7207
6507 9206
1788 8992
9284 9957
3864 6230
6966 9920
348 8060
5351 9723
3894 5505
4506 5513
7898 9923
4079 5251
1984 4996
2118 3735
5125 5391
4431 4866
180 3356
4085 5683
1362 6919
4828 9120
1025 6687
1523 7954
7780 8957
1627 4364
1703 3598
5407 6895
3636 6500
1618 6759
